%% INTEG 5.0 AVG 100.0 SMOOTH 10
1.000060	9.677500
1.000479	10.687500
1.000898	9.300000
1.001318	11.607500
1.001738	10.655000
1.002158	8.757500
1.002579	12.042500
1.003000	10.297500
1.003422	10.237500
1.003844	10.139643
1.004266	10.266905
1.004689	10.274405
1.005112	10.277738
1.005536	10.275833
1.005960	10.287738
1.006384	10.209881
1.006809	10.297024
1.007235	10.147500
1.007660	10.137024
1.008086	10.090833
1.008513	10.146310
1.008940	10.176786
1.009367	10.187143
1.009795	10.188810
1.010223	10.255476
1.010652	10.219286
1.011081	10.259524
1.011510	10.395238
1.011940	10.448929
1.012370	10.329167
1.012801	10.427262
1.013232	10.454524
1.013664	10.592262
1.014095	10.596786
1.014528	10.637738
1.014960	10.634881
1.015394	10.719048
1.015827	10.874762
1.016261	10.962857
1.016696	11.149167
1.017131	11.169643
1.017566	11.150595
1.018001	11.110952
1.018438	11.156905
1.018874	11.258095
1.019311	11.366548
1.019748	11.320595
1.020186	11.451667
1.020625	11.422976
1.021063	11.428929
1.021502	11.422857
1.021942	11.322262
1.022382	11.322262
1.022822	11.252500
1.023263	11.231429
1.023704	11.333333
1.024146	11.350357
1.024588	11.323452
1.025031	11.223690
1.025474	11.347857
1.025917	11.215952
1.026361	11.305833
1.026805	11.368333
1.027250	11.334048
1.027695	11.239048
1.028141	11.222024
1.028587	11.156071
1.029033	11.291667
1.029480	11.213929
1.029927	11.144405
1.030375	11.092500
1.030823	11.330714
1.031272	11.469881
1.031721	11.430476
1.032171	11.494881
1.032621	11.574643
1.033071	11.661786
1.033522	11.636667
1.033973	11.663571
1.034425	11.607500
1.034877	11.563095
1.035330	11.663690
1.035783	11.729762
1.036237	11.669643
1.036691	11.767500
1.037145	11.893810
1.037600	12.000476
1.038055	12.006310
1.038511	12.015000
1.038967	12.105238
1.039424	12.155476
1.039881	12.225119
1.040339	12.289524
1.040797	12.248690
1.041255	12.310238
1.041714	12.302024
1.042174	12.313214
1.042634	12.257976
1.043094	12.303929
1.043555	12.354286
1.044016	12.391190
1.044478	12.361429
1.044940	12.335476
1.045403	12.241667
1.045866	12.306310
1.046329	12.282619
1.046793	12.325357
1.047258	12.310595
1.047723	12.441548
1.048188	12.461190
1.048654	12.416786
1.049121	12.535595
1.049588	12.642738
1.050055	12.494167
1.050523	12.501548
1.050991	12.466310
1.051460	12.484524
1.051929	12.552500
1.052398	12.542381
1.052869	12.524762
1.053339	12.528333
1.053810	12.661548
1.054282	12.611786
1.054754	12.756548
1.055226	12.941310
1.055699	13.086786
1.056173	13.222500
1.056647	13.352262
1.057121	13.416310
1.057596	13.503810
1.058071	13.546310
1.058547	13.547857
1.059023	13.564405
1.059500	13.649762
1.059978	13.737143
1.060455	13.847381
1.060934	13.908452
1.061412	13.991786
1.061892	14.013452
1.062371	14.089048
1.062851	14.175952
1.063332	14.352500
1.063813	14.370595
1.064295	14.580714
1.064777	14.519881
1.065260	14.598214
1.065743	14.632262
1.066227	14.691429
1.066711	14.739048
1.067195	14.860476
1.067680	14.846548
1.068166	14.961071
1.068652	15.197024
1.069139	15.353810
1.069626	15.411786
1.070113	15.624524
1.070601	15.703571
1.071090	15.997143
1.071579	16.238095
1.072069	16.386429
1.072559	16.543810
1.073049	16.692738
1.073540	16.884881
1.074032	17.178452
1.074524	17.412024
1.075017	17.656786
1.075510	17.838333
1.076003	18.145952
1.076498	18.388214
1.076992	18.612262
1.077487	18.847262
1.077983	19.096667
1.078479	19.295833
1.078976	19.439405
1.079473	19.545714
1.079971	19.840714
1.080469	20.069524
1.080968	20.390119
1.081467	20.483571
1.081967	20.671786
1.082467	20.940119
1.082968	21.162857
1.083469	21.463452
1.083971	21.684643
1.084473	21.877619
1.084976	22.112262
1.085479	22.437381
1.085983	22.664643
1.086488	22.787857
1.086993	23.089167
1.087498	23.366905
1.088004	23.565476
1.088511	23.921310
1.089018	24.317976
1.089525	24.875833
1.090033	25.239524
1.090542	25.459405
1.091051	25.902619
1.091561	26.224405
1.092071	26.627262
1.092582	27.018333
1.093093	27.534643
1.093605	27.962619
1.094117	28.293333
1.094630	28.651905
1.095144	29.048929
1.095658	29.382143
1.096172	29.682024
1.096687	29.979524
1.097203	30.461667
1.097719	30.807619
1.098236	31.231905
1.098753	31.754167
1.099271	32.055000
1.099789	32.284167
1.100308	32.652262
1.100827	33.090714
1.101347	33.730000
1.101868	34.078333
1.102389	34.600833
1.102910	35.105952
1.103432	35.517262
1.103955	35.967500
1.104478	36.509167
1.105002	37.083571
1.105526	37.714167
1.106051	38.305238
1.106577	38.954524
1.107103	39.616548
1.107629	40.285476
1.108156	40.892500
1.108684	41.704643
1.109212	42.302262
1.109741	42.901310
1.110270	43.755357
1.110800	44.585357
1.111331	45.224167
1.111862	45.984286
1.112393	46.558929
1.112925	47.255238
1.113458	48.043929
1.113991	48.848690
1.114525	49.648095
1.115060	50.429881
1.115595	51.286429
1.116130	52.162381
1.116666	53.055952
1.117203	53.986071
1.117740	54.946548
1.118278	55.911190
1.118817	56.965714
1.119356	57.927500
1.119895	58.843571
1.120436	59.930119
1.120976	60.782500
1.121518	61.728452
1.122059	62.790238
1.122602	63.835000
1.123145	64.955952
1.123689	66.182024
1.124233	67.369643
1.124778	68.557024
1.125323	69.809643
1.125869	71.165952
1.126416	72.395119
1.126963	73.674286
1.127511	75.083452
1.128059	76.364167
1.128608	77.675595
1.129157	79.056786
1.129707	80.417024
1.130258	81.990833
1.130810	83.548333
1.131361	85.003810
1.131914	86.472976
1.132467	88.209286
1.133021	89.763690
1.133575	91.521310
1.134130	93.182500
1.134685	94.937857
1.135241	96.662381
1.135798	98.399881
1.136355	100.215238
1.136913	101.908571
1.137472	103.547143
1.138031	105.416071
1.138591	107.220357
1.139151	109.024881
1.139712	110.916786
1.140274	112.795238
1.140836	114.611310
1.141399	116.447381
1.141962	118.287738
1.142526	120.210238
1.143091	122.131071
1.143656	124.332381
1.144222	126.329643
1.144788	128.428929
1.145355	130.272619
1.145923	132.371905
1.146491	134.504167
1.147060	136.657976
1.147630	138.863690
1.148200	140.879762
1.148771	143.096786
1.149342	145.375357
1.149914	147.597262
1.150487	149.798214
1.151061	151.890119
1.151635	154.089167
1.152209	156.303333
1.152784	158.512143
1.153360	160.931667
1.153937	163.158214
1.154514	165.403571
1.155092	167.846071
1.155670	169.961310
1.156249	172.482500
1.156829	174.867024
1.157409	177.358095
1.157990	179.807024
1.158572	182.116429
1.159154	184.380357
1.159737	186.683690
1.160321	189.260238
1.160905	191.645238
1.161490	194.107381
1.162075	196.268214
1.162661	198.487143
1.163248	200.824167
1.163836	203.137857
1.164424	205.448690
1.165013	207.724286
1.165602	209.823690
1.166192	212.015238
1.166783	214.286667
1.167374	216.458690
1.167966	218.778333
1.168559	220.978929
1.169152	222.903452
1.169746	224.829643
1.170341	226.781905
1.170936	228.654048
1.171532	230.403571
1.172129	232.500952
1.172727	234.044881
1.173325	235.760714
1.173923	237.483690
1.174523	239.436905
1.175123	241.248095
1.175723	243.073690
1.176325	244.591667
1.176927	246.194405
1.177530	247.703214
1.178133	248.972738
1.178737	250.325119
1.179342	251.614286
1.179948	252.586071
1.180554	253.540000
1.181161	254.147619
1.181768	255.065357
1.182376	256.017976
1.182985	256.825238
1.183595	257.477381
1.184205	258.203333
1.184816	258.501548
1.185428	258.851190
1.186040	259.054762
1.186653	258.940119
1.187267	258.876905
1.187881	258.632738
1.188497	258.294643
1.189112	257.892262
1.189729	257.310595
1.190346	256.749405
1.190964	256.148095
1.191583	255.246071
1.192202	254.141905
1.192822	252.984405
1.193443	251.420952
1.194064	250.171071
1.194687	248.753452
1.195310	246.987500
1.195933	245.026786
1.196557	243.013214
1.197183	241.126429
1.197808	238.965476
1.198435	236.871786
1.199062	234.471190
1.199690	232.016429
1.200318	229.388095
1.200948	226.807619
1.201578	224.033571
1.202209	221.206548
1.202840	218.245714
1.203472	215.152024
1.204105	212.106667
1.204739	209.172500
1.205374	206.163571
1.206009	203.008929
1.206645	200.117976
1.207281	196.861071
1.207919	193.459881
1.208557	190.109762
1.209195	186.758452
1.209835	183.553571
1.210475	180.015357
1.211116	176.591667
1.211758	173.027024
1.212401	169.656190
1.213044	166.356190
1.213688	162.859167
1.214333	159.592500
1.214978	156.101429
1.215625	152.804643
1.216272	149.479643
1.216919	146.180000
1.217568	142.967976
1.218217	139.530238
1.218867	136.131905
1.219518	132.892381
1.220170	129.689048
1.220822	126.407262
1.221475	123.404762
1.222129	120.396786
1.222784	117.313571
1.223439	114.295833
1.224095	111.392857
1.224752	108.520952
1.225410	105.746905
1.226068	102.975000
1.226727	100.259167
1.227387	97.721667
1.228048	94.983452
1.228710	92.498690
1.229372	89.985952
1.230035	87.670000
1.230699	85.355238
1.231364	82.962381
1.232029	80.681786
1.232695	78.292262
1.233362	76.264286
1.234030	74.151667
1.234699	72.312976
1.235368	70.291905
1.236038	68.502143
1.236709	66.745833
1.237381	65.010595
1.238054	63.236429
1.238727	61.598095
1.239401	60.011310
1.240076	58.437976
1.240752	56.970476
1.241428	55.474405
1.242106	54.138452
1.242784	52.723810
1.243463	51.371429
1.244143	50.110119
1.244823	48.906786
1.245504	47.643214
1.246187	46.488214
1.246870	45.522500
1.247554	44.377024
1.248238	43.216548
1.248924	42.115714
1.249610	41.115000
1.250297	39.999405
1.250985	39.133810
1.251674	38.156310
1.252363	37.286548
1.253054	36.429524
1.253745	35.628095
1.254437	34.928571
1.255130	34.096190
1.255823	33.172143
1.256518	32.333452
1.257213	31.618929
1.257910	31.008333
1.258607	30.150238
1.259305	29.381429
1.260003	28.845476
1.260703	28.282857
1.261403	27.718452
1.262105	27.225357
1.262807	26.773929
1.263510	26.260952
1.264213	25.781190
1.264918	25.277619
1.265624	24.687262
1.266330	24.213095
1.267037	23.718333
1.267745	23.125000
1.268454	22.694762
1.269164	22.176310
1.269875	21.841310
1.270586	21.593095
1.271299	21.267500
1.272012	20.934167
1.272726	20.587143
1.273441	20.246071
1.274157	19.922381
1.274874	19.559881
1.275591	19.155833
1.276310	18.861429
1.277029	18.505833
1.277749	18.237976
1.278470	17.936429
1.279193	17.686905
1.279915	17.464762
1.280639	17.212024
1.281364	16.999524
1.282089	16.900952
1.282816	16.718214
1.283543	16.515833
1.284271	16.259286
1.285001	15.873214
1.285731	15.672976
1.286461	15.395714
1.287193	15.167619
1.287926	14.899524
1.288660	14.834762
1.289394	14.719643
1.290130	14.650595
1.290866	14.534524
1.291603	14.443095
1.292341	14.199643
1.293080	14.065119
1.293820	13.989405
1.294561	13.758690
1.295303	13.622143
1.296046	13.544762
1.296790	13.389881
1.297534	13.204762
1.298280	13.126190
1.299026	12.879048
1.299773	12.875238
1.300522	12.896429
1.301271	12.805833
1.302021	12.673214
1.302772	12.599286
1.303524	12.552857
1.304277	12.375476
1.305031	12.267143
1.305786	12.192619
1.306542	12.126905
1.307298	11.932381
1.308056	11.989405
1.308815	11.939881
1.309574	11.800238
1.310335	11.780595
1.311096	11.696667
1.311859	11.637976
1.312622	11.648333
1.313387	11.579643
1.314152	11.624881
1.314918	11.560238
1.315685	11.421429
1.316454	11.335119
1.317223	11.165952
1.317993	11.247619
1.318764	11.107500
1.319536	11.029048
1.320309	11.102262
1.321083	10.954524
1.321858	10.889286
1.322634	10.931310
1.323411	10.962857
1.324189	10.935000
1.324968	10.782262
1.325748	10.749524
1.326529	10.818333
1.327311	10.863571
1.328094	10.808929
1.328878	10.723571
1.329663	10.564167
1.330449	10.500595
1.331236	10.635833
1.332024	10.583452
1.332813	10.658333
1.333603	10.664762
1.334394	10.655119
1.335186	10.845476
1.335978	10.847024
1.336772	10.756071
1.337567	10.935714
1.338363	10.947381
1.339160	10.883690
1.339959	10.855595
1.340758	10.861905
1.341558	11.039643
1.342359	10.910476
1.343161	10.677619
1.343964	10.633452
1.344768	10.738929
1.345574	10.757857
1.346380	10.902024
1.347187	10.862976
1.347996	10.841310
1.348805	11.029405
1.349616	10.901190
1.350427	11.080000
1.351240	11.080952
1.352053	10.994405
1.352868	10.956190
1.353684	10.866429
1.354501	10.787619
1.355318	10.694286
1.356137	10.707500
1.356957	10.702738
1.357778	10.629048
1.358600	10.541548
1.359424	10.536667
1.360248	10.712738
1.361073	10.612024
1.361900	10.446786
1.362727	10.401786
1.363556	10.335119
1.364385	10.287619
1.365216	10.345000
1.366048	10.251548
1.366881	10.370119
1.367715	10.328929
1.368550	10.248810
1.369386	10.286190
1.370223	10.359881
1.371061	10.444286
1.371901	10.417857
1.372742	10.452857
1.373583	10.393095
1.374426	10.435476
1.375270	10.497381
1.376115	10.420714
1.376961	10.555833
1.377808	10.495119
1.378657	10.616429
1.379506	10.672857
1.380357	10.790595
1.381208	10.773214
1.382061	10.718452
1.382915	10.647857
1.383770	10.737143
1.384627	10.599048
1.385484	10.576667
1.386342	10.568571
1.387202	10.554405
1.388063	10.459405
1.388925	10.559643
1.389788	10.527262
1.390652	10.513929
1.391518	10.515714
1.392384	10.371786
1.393252	10.391310
1.394121	10.368571
1.394991	10.363452
1.395862	10.375357
1.396734	10.326667
1.397608	10.374167
1.398482	10.263810
1.399358	10.318690
1.400235	10.339643
1.401113	10.268333
1.401993	10.242619
1.402873	10.243571
1.403755	10.242738
1.404638	10.270000
1.405522	10.337857
1.406408	10.355357
1.407294	10.288095
1.408182	10.275952
1.409071	10.178095
1.409961	10.185119
1.410852	10.327976
1.411745	10.250119
1.412638	10.320000
1.413533	10.362262
1.414429	10.316667
1.415327	10.394405
1.416225	10.381310
1.417125	10.434167
1.418026	10.393333
1.418928	10.444167
1.419832	10.475238
1.420736	10.416429
1.421642	10.397143
1.422549	10.441071
1.423458	10.514286
1.424368	10.465714
1.425278	10.564643
1.426190	10.529405
1.427104	10.605476
1.428018	10.683214
1.428934	10.776429
1.429851	10.733095
1.430770	10.801786
1.431689	10.817381
1.432610	10.634643
1.433533	10.721429
1.434456	10.669643
1.435381	10.607262
1.436307	10.595595
1.437234	10.707976
1.438162	10.732857
1.439092	10.642857
1.440023	10.650000
1.440956	10.734524
1.441889	10.642500
1.442824	10.609048
1.443761	10.577619
1.444698	10.629167
1.445637	10.704643
1.446577	10.673810
1.447518	10.693929
1.448461	10.664762
1.449405	10.655595
1.450351	10.688214
1.451297	10.630595
1.452245	10.732500
1.453195	10.691786
1.454145	10.775238
1.455097	10.797500
1.456051	10.841190
1.457005	10.859048
1.457961	10.951667
1.458918	11.098690
1.459877	11.084643
1.460837	11.101786
1.461798	11.044643
1.462761	11.103214
1.463725	11.040119
1.464690	10.825357
1.465657	10.715000
1.466625	10.621310
1.467595	10.606071
1.468566	10.549643
1.469538	10.575000
1.470511	10.562262
1.471486	10.505476
1.472462	10.440000
1.473440	10.508333
1.474419	10.378214
1.475400	10.319405
1.476381	10.231310
1.477365	10.179762
1.478349	10.038452
1.479335	9.988810
1.480323	9.969524
1.481312	9.902262
1.482302	10.008333
1.483293	9.831786
1.484286	9.863810
1.485281	9.926548
1.486277	9.971429
1.487274	10.097976
1.488273	10.129762
1.489273	10.145595
1.490274	10.052976
1.491277	10.015595
1.492282	10.040476
1.493288	10.165476
1.494295	10.090357
1.495304	10.184405
1.496314	10.358810
1.497325	10.449643
1.498339	10.499643
1.499353	10.505357
1.500369	10.625238
1.501387	10.678333
1.502406	10.800833
1.503426	10.776786
1.504448	10.945714
1.505471	11.011071
1.506496	11.010000
1.507522	10.937143
1.508550	10.875000
1.509579	10.852143
1.510610	10.797738
1.511642	10.978571
1.512676	11.040595
1.513711	11.221310
1.514748	11.177262
1.515787	11.162143
1.516826	11.022619
1.517868	10.916310
1.518910	10.850476
1.519955	10.804881
1.521001	10.817619
1.522048	10.685000
1.523097	10.690714
1.524147	10.604405
1.525199	10.528690
1.526253	10.410714
1.527308	10.312738
1.528364	10.391429
1.529423	10.464405
1.530482	10.520595
1.531544	10.610119
1.532606	10.676071
1.533671	10.577024
1.534737	10.585833
1.535804	10.439643
1.536873	10.413333
1.537944	10.485595
1.539016	10.565714
1.540090	10.582262
1.541166	10.553571
1.542243	10.469762
1.543321	10.476548
1.544401	10.512024
1.545483	10.486905
1.546567	10.575238
1.547652	10.738214
1.548738	10.880952
1.549827	10.968810
1.550916	10.966905
1.552008	11.047024
1.553101	11.077619
1.554196	11.022262
1.555292	11.021548
1.556390	10.973929
1.557490	10.860000
1.558591	10.982143
1.559694	10.997619
1.560799	10.954881
1.561905	10.885833
1.563013	10.800119
1.564122	10.916786
1.565234	11.005000
1.566347	11.013690
1.567461	10.997143
1.568577	10.995952
1.569695	10.932738
1.570815	10.900357
1.571936	10.962738
1.573059	10.875833
1.574184	10.822976
1.575310	10.775714
1.576438	10.762738
1.577568	10.810595
1.578700	10.707857
1.579833	10.789762
1.580968	10.836310
1.582105	10.699881
1.583243	10.587738
1.584383	10.553095
1.585525	10.639405
1.586669	10.741310
1.587814	10.694048
1.588961	10.640238
1.590110	10.631667
1.591260	10.573452
1.592413	10.600833
1.593567	10.658810
1.594723	10.553095
1.595880	10.440595
1.597040	10.584286
1.598201	10.661786
1.599364	10.550714
1.600529	10.517262
1.601695	10.420000
1.602864	10.583690
1.604034	10.575357
1.605206	10.464167
1.606380	10.521905
1.607555	10.742262
1.608733	10.861548
1.609912	10.871786
1.611093	10.905238
1.612276	10.802857
1.613460	10.898214
1.614647	11.016548
1.615835	11.103690
1.617025	11.007738
1.618218	11.052500
1.619411	11.042500
1.620607	11.003333
1.621805	10.946667
1.623004	10.981071
1.624206	11.060000
1.625409	11.076310
1.626614	11.099405
1.627821	11.012976
1.629030	11.050119
1.630241	11.157381
1.631453	11.162024
1.632668	11.065000
1.633884	11.062738
1.635103	11.030000
1.636323	11.071667
1.637545	11.173095
1.638769	11.110119
1.639996	10.980119
1.641224	10.841429
1.642453	10.911786
1.643685	10.784048
1.644919	10.873690
1.646155	10.945714
1.647393	11.014881
1.648632	10.871905
1.649874	10.990595
1.651118	11.054643
1.652363	11.010476
1.653611	11.139762
1.654860	11.014167
1.656112	11.175119
1.657365	11.270357
1.658621	11.307619
1.659878	11.279048
1.661138	11.372976
1.662399	11.347262
1.663663	11.367619
1.664929	11.381667
1.666196	11.447500
1.667466	11.624286
1.668737	11.641905
1.670011	11.713571
1.671287	11.720357
1.672565	11.632857
1.673845	11.649643
1.675126	11.678452
1.676410	11.542024
1.677696	11.532024
1.678985	11.702143
1.680275	11.666548
1.681567	11.883333
1.682861	11.789881
1.684158	11.650595
1.685456	11.694286
1.686757	11.740714
1.688060	11.743095
1.689365	11.695357
1.690672	11.709048
1.691981	11.788333
1.693292	11.776429
1.694605	11.857262
1.695921	11.931190
1.697239	12.026905
1.698558	12.037857
1.699880	12.160000
1.701205	12.189524
1.702531	12.364048
1.703859	12.402024
1.705190	12.513333
1.706523	12.507500
1.707858	12.532619
1.709195	12.420595
1.710534	12.431190
1.711876	12.512381
1.713220	12.557381
1.714566	12.538095
1.715914	12.591310
1.717264	12.696310
1.718617	12.759524
1.719972	12.737024
1.721329	12.809643
1.722689	12.780357
1.724050	12.718690
1.725414	12.723690
1.726780	12.878690
1.728149	12.771429
1.729520	12.711310
1.730893	12.629405
1.732268	12.607381
1.733645	12.667500
1.735025	12.711310
1.736408	12.747619
1.737792	12.869762
1.739179	12.824881
1.740568	12.804167
1.741959	12.778810
1.743353	12.828571
1.744749	12.846786
1.746148	12.908095
1.747549	12.888810
1.748952	12.972738
1.750357	13.046071
1.751765	13.161310
1.753175	13.256548
1.754588	13.282857
1.756003	13.227143
1.757420	13.410952
1.758840	13.407738
1.760262	13.481071
1.761687	13.679405
1.763114	13.608452
1.764543	13.563095
1.765975	13.520714
1.767410	13.537024
1.768846	13.737262
1.770286	13.926548
1.771727	13.916071
1.773171	14.045833
1.774618	14.177143
1.776067	14.211667
1.777518	14.385595
1.778972	14.350476
1.780429	14.327024
1.781888	14.227024
1.783349	14.202381
1.784813	14.239524
1.786280	14.288571
1.787749	14.295119
1.789220	14.452262
1.790694	14.483571
1.792171	14.449643
1.793650	14.564405
1.795132	14.594881
1.796616	14.697619
1.798103	14.619524
1.799592	14.604762
1.801084	14.645952
1.802579	14.802857
1.804076	14.800357
1.805576	14.780595
1.807078	14.711310
1.808583	14.731905
1.810090	14.814286
1.811601	14.909405
1.813114	15.002381
1.814629	15.073214
1.816147	15.091310
1.817668	15.152262
1.819191	15.262381
1.820717	15.316548
1.822246	15.374643
1.823778	15.474524
1.825312	15.493571
1.826849	15.705714
1.828388	15.703571
1.829930	15.939167
1.831475	16.043452
1.833023	16.082976
1.834574	16.229405
1.836127	16.301548
1.837683	16.441548
1.839241	16.680595
1.840803	16.694405
1.842367	16.953095
1.843934	17.015714
1.845504	17.134048
1.847076	17.310238
1.848651	17.400952
1.850230	17.464167
1.851810	17.470000
1.853394	17.628452
1.854981	17.739048
1.856570	17.834881
1.858162	17.949881
1.859758	17.958214
1.861356	18.105714
1.862956	18.239643
1.864560	18.262262
1.866167	18.315000
1.867776	18.217500
1.869388	18.366905
1.871004	18.351548
1.872622	18.343333
1.874243	18.428929
1.875867	18.355238
1.877494	18.552262
1.879124	18.658571
1.880756	18.750357
1.882392	18.820119
1.884031	18.936905
1.885673	19.189405
1.887317	19.308452
1.888965	19.455238
1.890616	19.535000
1.892269	19.609643
1.893926	19.800833
1.895586	19.850714
1.897249	19.797381
1.898914	19.952857
1.900583	20.081786
1.902255	20.359286
1.903930	20.456310
1.905608	20.514762
1.907289	20.710000
1.908973	20.795952
1.910661	21.039048
1.912351	21.082262
1.914045	21.056429
1.915741	21.178690
1.917441	21.333452
1.919144	21.567976
1.920850	21.531310
1.922559	21.690714
1.924271	21.806905
1.925987	22.020595
1.927706	22.222738
1.929428	22.321786
1.931153	22.618452
1.932881	22.820357
1.934613	23.019762
1.936347	23.258810
1.938085	23.459405
1.939826	23.673810
1.941571	24.047381
1.943319	24.235000
1.945070	24.553571
1.946824	24.735357
1.948582	24.966905
1.950343	25.422857
1.952107	25.694405
1.953874	25.985952
1.955645	26.256786
1.957419	26.700595
1.959197	26.923690
1.960978	27.299048
1.962762	27.615000
1.964550	27.954524
1.966341	28.392143
1.968135	28.727857
1.969933	29.173452
1.971734	29.610357
1.973539	30.116310
1.975347	30.544762
1.977158	30.983810
1.978973	31.452024
1.980792	31.960238
1.982614	32.633690
1.984439	33.117738
1.986268	33.788571
1.988100	34.364881
1.989936	35.093690
1.991775	35.811786
1.993618	36.578452
1.995465	37.277262
1.997315	38.094286
1.999168	38.978214
2.001025	39.909048
2.002886	40.976548
2.004751	42.057857
2.006618	43.118333
2.008490	44.363452
2.010365	45.575714
2.012244	46.752619
2.014126	48.093929
2.016012	49.465595
2.017902	50.883690
2.019796	52.325714
2.021693	53.811071
2.023594	55.519643
2.025498	57.265833
2.027406	59.102024
2.029318	61.043571
2.031234	63.201905
2.033153	65.301310
2.035077	67.556071
2.037004	69.960595
2.038934	72.458095
2.040869	75.081190
2.042807	77.795238
2.044749	80.611905
2.046696	83.710833
2.048645	86.794524
2.050599	90.144881
2.052557	93.568929
2.054518	97.134286
2.056483	100.883095
2.058453	104.934167
2.060426	109.226905
2.062403	113.527024
2.064384	118.092143
2.066369	122.687500
2.068358	127.703214
2.070350	132.940119
2.072347	138.305238
2.074348	144.028810
2.076353	149.942857
2.078362	156.289048
2.080375	162.898810
2.082392	169.871310
2.084412	177.055595
2.086438	184.610119
2.088467	192.556786
2.090500	200.674643
2.092537	209.220357
2.094578	218.207738
2.096624	227.869286
2.098674	237.979643
2.100727	248.456190
2.102785	259.363690
2.104847	271.082738
2.106914	283.189048
2.108984	296.048571
2.111059	309.492024
2.113138	323.759167
2.115221	338.682143
2.117308	354.504048
2.119400	371.168571
2.121496	388.352738
2.123596	406.691905
2.125701	425.799524
2.127810	446.141786
2.129923	467.379048
2.132041	489.680952
2.134162	513.471905
2.136289	537.865833
2.138419	563.902024
2.140554	591.193452
2.142694	619.976429
2.144838	649.613333
2.146986	681.220714
2.149139	714.346190
2.151296	749.278452
2.153458	785.440000
2.155624	823.308690
2.157795	862.511190
2.159970	903.734048
2.162150	946.741310
2.164334	991.542500
2.166523	1038.619167
2.168716	1087.508214
2.170914	1138.092976
2.173117	1190.969881
2.175324	1246.075476
2.177536	1303.273214
2.179753	1363.307738
2.181974	1426.408214
2.184200	1491.317262
2.186430	1559.097500
2.188665	1629.091310
2.190905	1703.284762
2.193150	1779.737857
2.195400	1859.446905
2.197654	1942.812619
2.199913	2030.305476
2.202177	2120.825714
2.204445	2215.920000
2.206719	2315.366310
2.208997	2418.629048
2.211280	2526.810833
2.213568	2639.470833
2.215861	2756.952143
2.218159	2880.950952
2.220462	3009.560714
2.222769	3144.786548
2.225082	3286.606548
2.227400	3433.554643
2.229722	3586.692143
2.232050	3746.321310
2.234382	3912.026667
2.236720	4085.711310
2.239063	4264.672857
2.241410	4451.101548
2.243763	4645.063571
2.246121	4845.771786
2.248484	5053.228214
2.250852	5268.393810
2.253225	5491.646786
2.255604	5720.984405
2.257987	5957.514286
2.260376	6201.913452
2.262770	6452.305357
2.265170	6710.869405
2.267574	6975.781548
2.269984	7249.322381
2.272399	7529.537143
2.274819	7814.127262
2.277245	8107.234524
2.279676	8408.638810
2.282112	8717.686190
2.284554	9033.936071
2.287001	9357.330119
2.289454	9688.288810
2.291912	10025.622381
2.294375	10367.794167
2.296844	10717.839405
2.299318	11072.646429
2.301798	11434.681905
2.304283	11801.264881
2.306774	12174.629167
2.309271	12536.503214
2.311773	12882.657262
2.314280	13214.851667
2.316793	13530.596905
2.319312	13830.532857
2.321837	14113.188929
2.324367	14378.879048
2.326902	14629.886071
2.329444	14862.520476
2.331991	15076.237738
2.334544	15271.776190
2.337103	15448.945476
2.339667	15606.699643
2.342237	15745.680952
2.344813	15865.917024
2.347395	15967.946190
2.349983	16049.203214
2.352577	16112.617262
2.355176	16155.257143
2.357782	16178.003095
2.360393	16180.623095
2.363010	16180.660000
2.365634	16180.573214
2.368263	16180.507857
2.370898	16180.493333
2.373540	16180.453571
2.376187	16180.483095
2.378841	16180.537857
2.381500	16180.462976
2.384166	16180.491310
2.386838	16180.479881
2.389516	16180.454167
2.392200	16180.440000
2.394890	16179.469524
2.397587	16155.940833
2.400290	16106.624167
2.402999	16030.206071
2.405714	15926.301429
2.408436	15794.802976
2.411164	15635.799286
2.413899	15448.268571
2.416639	15231.689286
2.419387	14987.739643
2.422140	14718.196548
2.424900	14421.143214
2.427667	14097.239286
2.430440	13749.287381
2.433219	13375.007143
2.436006	12976.960714
2.438798	12557.058810
2.441597	12114.520357
2.444403	11652.634167
2.447216	11171.073690
2.450035	10671.367381
2.452861	10154.764405
2.455693	9644.540000
2.458532	9145.079286
2.461378	8657.648810
2.464231	8184.105238
2.467090	7725.643452
2.469957	7283.155119
2.472830	6857.590833
2.475710	6450.366786
2.478597	6060.911667
2.481491	5687.705595
2.484392	5333.782024
2.487299	4998.990238
2.490214	4680.259048
2.493136	4380.691071
2.496065	4098.385952
2.499001	3831.706548
2.501944	3582.378690
2.504894	3347.024286
2.507851	3126.723690
2.510816	2919.507619
2.513787	2726.200833
2.516766	2545.346548
2.519752	2375.193095
2.522745	2216.996310
2.525746	2068.835476
2.528754	1930.455476
2.531769	1800.799881
2.534792	1679.775238
2.537822	1567.419524
2.540860	1461.756429
2.543905	1363.911310
2.546958	1271.922024
2.550018	1185.877738
2.553085	1106.093929
2.556160	1031.622381
2.559243	962.174524
2.562334	897.662024
2.565432	837.086429
2.568537	780.602024
2.571651	727.760357
2.574772	678.864405
2.577901	632.800000
2.581038	589.619643
2.584182	549.857619
2.587335	512.273810
2.590495	477.590238
2.593664	444.972976
2.596840	414.356190
2.600024	386.189405
2.603216	359.242976
2.606416	334.726190
2.609625	311.410238
2.612841	289.810119
2.616066	269.636190
2.619298	250.838810
2.622539	233.356429
2.625789	217.023214
2.629046	201.779167
2.632312	187.431786
2.635586	174.171071
2.638868	161.700595
2.642159	150.151429
2.645458	139.339167
2.648765	129.351190
2.652081	120.031310
2.655406	111.557381
2.658739	103.444286
2.662081	96.020714
2.665431	89.166190
2.668790	82.739286
2.672157	77.035476
2.675534	71.621786
2.678919	66.665952
2.682313	62.202738
2.685715	57.849524
2.689127	53.944286
2.692547	50.433214
2.695976	47.255833
2.699415	44.269286
2.702862	41.609167
2.706318	39.052976
2.709783	36.772262
2.713258	34.624762
2.716741	32.791667
2.720234	30.925952
2.723736	29.394167
2.727247	27.825714
2.730767	26.518452
2.734297	25.164405
2.737836	24.159167
2.741384	23.352024
2.744942	22.483452
2.748509	21.679643
2.752086	20.932500
2.755672	20.295833
2.759268	19.715833
2.762873	19.130476
2.766488	18.658690
2.770113	18.155238
2.773748	17.727381
2.777392	17.384643
2.781046	17.238929
2.784710	16.872738
2.788383	16.707500
2.792067	16.442381
2.795761	16.354762
2.799464	16.162619
2.803178	16.046667
2.806902	15.899286
2.810636	15.714762
2.814380	15.586071
2.818134	15.334286
2.821898	15.165595
2.825673	15.048810
2.829458	14.857500
2.833254	14.836667
2.837059	14.800357
2.840876	14.685000
2.844703	14.597738
2.848540	14.414524
2.852388	14.296310
2.856247	14.230119
2.860116	14.078929
2.863996	14.084167
2.867886	13.999167
2.871788	14.000952
2.875700	13.883810
2.879624	13.827381
2.883558	13.737024
2.887503	13.766905
2.891459	13.872143
2.895427	13.777500
2.899405	13.726429
2.903395	13.581190
2.907396	13.542500
2.911408	13.680833
2.915431	13.498095
2.919466	13.571905
2.923512	13.627976
2.927570	13.630833
2.931639	13.648095
2.935720	13.793810
2.939812	13.749405
2.943916	13.679167
2.948032	13.615714
2.952160	13.579286
2.956299	13.509762
2.960450	13.611786
2.964613	13.563452
2.968788	13.582500
2.972975	13.597024
2.977174	13.462500
2.981385	13.495357
2.985609	13.544286
2.989844	13.711548
2.994092	13.766786
2.998352	13.682976
3.002625	13.769881
3.006910	13.807500
3.011207	13.749048
3.015517	13.733810
3.019840	13.783690
3.024175	13.653095
3.028523	13.594643
3.032884	13.656905
3.037257	13.898095
3.041644	13.996071
3.046043	14.021548
3.050455	14.044643
3.054881	14.072262
3.059319	14.127024
3.063771	14.071310
3.068236	14.167857
3.072714	14.106429
3.077205	14.129286
3.081710	13.957976
3.086229	13.991786
3.090760	13.935119
3.095306	14.007500
3.099865	14.013095
3.104438	14.035238
3.109024	14.000476
3.113625	14.030119
3.118239	14.031548
3.122867	14.028810
3.127509	14.081548
3.132166	14.193333
3.136836	14.134286
3.141521	14.078095
3.146220	14.047857
3.150933	13.949286
3.155660	13.963690
3.160403	13.996071
3.165159	14.034643
3.169930	14.104286
3.174716	14.117619
3.179517	14.343095
3.184332	14.249762
3.189163	14.292381
3.194008	14.284762
3.198868	14.297738
3.203744	14.240119
3.208634	14.269643
3.213540	14.264048
3.218461	14.374405
3.223397	14.522500
3.228349	14.702857
3.233316	14.481190
3.238299	14.491429
3.243298	14.453095
3.248312	14.496786
3.253342	14.582857
3.258388	14.544286
3.263450	14.527738
3.268528	14.603571
3.273622	14.573810
3.278732	14.587381
3.283858	14.571786
3.289001	14.685357
3.294160	14.732857
3.299336	14.750833
3.304528	14.791310
3.309737	14.818333
3.314962	14.879167
3.320205	14.846071
3.325464	14.971310
3.330740	14.868333
3.336034	14.652857
3.341344	14.642976
3.346672	14.635595
3.352017	14.784167
3.357379	14.613690
3.362759	14.607262
3.368156	14.635595
3.373571	14.602738
3.379004	14.629524
3.384454	14.674167
3.389923	14.723690
3.395409	14.758452
3.400914	14.682262
3.406437	14.598690
3.411977	14.642738
3.417537	14.629286
3.423114	14.795476
3.428711	14.802976
3.434326	14.870833
3.439959	14.707500
3.445612	14.668929
3.451283	14.779048
3.456973	14.770714
3.462683	14.857381
3.468411	14.823810
3.474159	14.991905
3.479926	15.003452
3.485713	15.097976
3.491519	15.221786
3.497346	15.239762
3.503191	15.298810
3.509057	15.305952
3.514943	15.298214
3.520848	15.426429
3.526774	15.471548
3.532721	15.483810
3.538687	15.536071
3.544674	15.447857
3.550682	15.592738
3.556710	15.743095
3.562760	15.858333
3.568830	16.058690
3.574921	16.174643
3.581033	16.183929
3.587167	16.257381
3.593322	16.356905
3.599498	16.338214
3.605696	16.509286
3.611916	16.491190
3.618158	16.525357
3.624421	16.636905
3.630707	16.727976
3.637015	16.871190
3.643344	16.852738
3.649697	16.810357
3.656072	16.900952
3.662469	16.837024
3.668890	16.745952
3.675333	16.839048
3.681799	16.759524
3.688288	16.604762
3.694801	16.650119
3.701337	16.654762
3.707896	16.551786
3.714479	16.555357
3.721086	16.440476
3.727717	16.440238
3.734371	16.559762
3.741050	16.401071
3.747753	16.402381
3.754481	16.312143
3.761233	16.207857
3.768010	16.120476
3.774811	15.932619
3.781638	15.890833
3.788489	15.967143
3.795366	15.874405
3.802268	15.810833
3.809196	15.941071
3.816149	15.943571
3.823128	15.973452
3.830133	16.134524
3.837164	15.995476
3.844221	15.897262
3.851305	15.764286
3.858415	15.762381
3.865552	15.863095
3.872716	15.764524
3.879906	15.582500
3.887124	15.672976
3.894369	15.583095
3.901641	15.608929
3.908941	15.586548
3.916269	15.602500
3.923625	15.610357
3.931008	15.665595
3.938420	15.544167
3.945860	15.595119
3.953329	15.663690
3.960827	15.495476
3.968353	15.432976
3.975908	15.280476
3.983493	15.030357
3.991107	15.098333
3.998750	15.002619
4.006423	15.111667
4.014127	15.032143
4.021860	14.857381
4.029623	14.832976
4.037417	14.825238
4.045241	14.749286
4.053096	14.747976
4.060983	14.741190
4.068900	14.607976
4.076848	14.536905
4.084829	14.431905
4.092840	14.346667
4.100884	14.304405
4.108960	14.224643
4.117068	14.137500
4.125208	14.252857
4.133381	14.110476
4.141587	14.125476
4.149826	14.264405
4.158099	14.065238
4.166404	14.132024
4.174744	14.078690
4.183117	14.187738
4.191524	14.225595
4.199966	14.286071
4.208442	14.311786
4.216953	14.269881
4.225498	14.195119
4.234079	14.164048
4.242695	14.171548
4.251347	14.139405
4.260035	14.254167
4.268758	14.244167
4.277518	14.296429
4.286314	14.365119
4.295147	14.435357
4.304017	14.253095
4.312923	14.282857
4.321868	14.239762
4.330850	14.190595
4.339869	14.233810
4.348927	14.263810
4.358023	14.152500
4.367158	14.093929
4.376331	13.953333
4.385544	13.877381
4.394796	13.819524
4.404087	13.837262
4.413419	13.882976
4.422790	13.886310
4.432202	13.907619
4.441654	13.873571
4.451147	13.832381
4.460681	13.923333
4.470257	13.874643
4.479874	13.873929
4.489533	13.887262
4.499235	13.952857
4.508979	13.907024
4.518765	13.970000
4.528595	13.919643
4.538468	13.810357
4.548385	13.763095
4.558345	13.795595
4.568350	13.759286
4.578399	13.829524
4.588494	13.760357
4.598633	13.813929
4.608817	13.813452
4.619047	13.796071
4.629324	13.792024
4.639646	13.858452
4.650015	13.813571
4.660431	13.841667
4.670895	13.816905
4.681406	13.789048
4.691965	13.680238
4.702572	13.580000
4.713227	13.518095
4.723932	13.565833
4.734686	13.455119
4.745489	13.418929
4.756342	13.507024
4.767246	13.570000
4.778200	13.654167
4.789205	13.700238
4.800262	13.693929
4.811370	13.668929
4.822530	13.616548
4.833743	13.683214
4.845008	13.743929
4.856327	13.739048
4.867699	13.620000
4.879125	13.750238
4.890605	13.671071
4.902140	13.565357
4.913730	13.536786
4.925376	13.622024
4.937077	13.555119
4.948835	13.555833
4.960649	13.616310
4.972521	13.692976
4.984450	13.744405
4.996437	13.746310
5.008482	13.618333
5.020586	13.430952
5.032749	13.357381
5.044972	13.346310
5.057255	13.440952
5.069599	13.457024
5.082003	13.356071
5.094469	13.295119
5.106997	13.308571
5.119587	13.219524
5.132240	13.060000
5.144956	13.143452
5.157736	13.227857
5.170580	13.369048
5.183489	13.321786
5.196463	13.406786
5.209503	13.488690
5.222609	13.463333
5.235782	13.530714
5.249022	13.575952
5.262329	13.685357
5.275705	13.881310
5.289150	14.030119
5.302664	14.097143
5.316248	14.247143
5.329902	14.204167
5.343627	14.217381
5.357424	14.347619
5.371293	14.410714
5.385234	14.383333
5.399249	14.558929
5.413337	14.600595
5.427500	14.497976
5.441737	14.625833
5.456051	14.445833
5.470440	14.392024
5.484906	14.362143
5.499449	14.346071
5.514071	14.443690
5.528771	14.473929
5.543550	14.519524
5.558409	14.520000
5.573349	14.537500
5.588370	14.594286
5.603473	14.627619
5.618658	14.821190
5.633926	15.013690
5.649279	15.168214
5.664716	15.199048
5.680238	15.279881
5.695846	15.417381
5.711541	15.547143
5.727323	15.645357
5.743194	15.948333
5.759153	15.990238
5.775203	16.276667
5.791342	16.531786
5.807573	16.701071
5.823895	16.821786
5.840311	16.891429
5.856820	16.908333
5.873423	16.960357
5.890121	17.019167
5.906916	17.003690
5.923807	17.111190
5.940795	17.221786
5.957883	17.166071
5.975069	17.101310
5.992356	17.136071
6.009744	17.176548
6.027234	17.119405
6.044826	16.900000
6.062523	16.490000
6.080324	16.880000
6.098230	17.760000
6.116244	17.622500
6.134365	19.010000
6.152594	15.230000
6.170933	17.870000
6.189382	17.460000
6.207943	14.930000
