%% INTEG 5.0 AVG 100.0 SMOOTH 10
1.000060	3.497500
1.000479	4.452500
1.000898	4.457500
1.001318	5.627500
1.001738	4.347500
1.002158	3.407500
1.002579	5.247500
1.003000	6.082500
1.003422	4.622500
1.003844	4.184048
1.004266	4.228214
1.004689	4.327500
1.005112	4.405357
1.005536	4.428929
1.005960	4.412500
1.006384	4.344524
1.006809	4.442500
1.007235	4.337619
1.007660	4.197381
1.008086	4.117619
1.008513	4.067143
1.008940	4.111190
1.009367	4.160952
1.009795	4.161429
1.010223	4.179286
1.010652	4.117976
1.011081	4.190000
1.011510	4.363333
1.011940	4.415119
1.012370	4.345357
1.012801	4.447143
1.013232	4.496310
1.013664	4.533690
1.014095	4.434405
1.014528	4.382024
1.014960	4.313810
1.015394	4.338810
1.015827	4.310714
1.016261	4.408214
1.016696	4.569405
1.017131	4.667143
1.017566	4.686190
1.018001	4.683929
1.018438	4.776667
1.018874	4.730238
1.019311	4.656786
1.019748	4.678571
1.020186	4.775476
1.020625	4.746548
1.021063	4.785714
1.021502	4.699881
1.021942	4.611548
1.022382	4.612857
1.022822	4.533095
1.023263	4.456190
1.023704	4.538571
1.024146	4.558214
1.024588	4.628214
1.025031	4.690119
1.025474	4.673810
1.025917	4.670833
1.026361	4.592262
1.026805	4.635238
1.027250	4.563333
1.027695	4.421429
1.028141	4.505952
1.028587	4.459286
1.029033	4.497738
1.029480	4.328571
1.029927	4.266429
1.030375	4.150000
1.030823	4.267381
1.031272	4.224524
1.031721	4.160595
1.032171	4.156429
1.032621	4.284167
1.033071	4.358095
1.033522	4.378333
1.033973	4.303214
1.034425	4.143810
1.034877	4.180238
1.035330	4.082619
1.035783	4.043690
1.036237	3.955119
1.036691	3.969286
1.037145	3.988571
1.037600	4.014286
1.038055	4.019048
1.038511	4.085714
1.038967	4.117381
1.039424	4.048571
1.039881	4.217143
1.040339	4.309881
1.040797	4.408095
1.041255	4.479286
1.041714	4.500119
1.042174	4.493095
1.042634	4.382381
1.043094	4.383333
1.043555	4.441429
1.044016	4.481786
1.044478	4.466905
1.044940	4.508571
1.045403	4.564048
1.045866	4.615714
1.046329	4.660000
1.046793	4.685238
1.047258	4.684405
1.047723	4.733452
1.048188	4.608095
1.048654	4.739881
1.049121	4.804167
1.049588	4.710238
1.050055	4.613214
1.050523	4.635833
1.050991	4.623571
1.051460	4.599643
1.051929	4.506667
1.052398	4.524286
1.052869	4.466310
1.053339	4.395833
1.053810	4.538333
1.054282	4.415119
1.054754	4.461548
1.055226	4.558095
1.055699	4.535476
1.056173	4.522976
1.056647	4.540476
1.057121	4.516667
1.057596	4.610833
1.058071	4.568333
1.058547	4.522381
1.059023	4.543571
1.059500	4.561786
1.059978	4.502857
1.060455	4.433929
1.060934	4.371905
1.061412	4.425476
1.061892	4.483095
1.062371	4.477500
1.062851	4.515000
1.063332	4.645833
1.063813	4.500357
1.064295	4.608571
1.064777	4.545000
1.065260	4.565952
1.065743	4.579524
1.066227	4.538214
1.066711	4.583452
1.067195	4.520476
1.067680	4.411786
1.068166	4.413810
1.068652	4.432857
1.069139	4.419881
1.069626	4.344167
1.070113	4.374286
1.070601	4.362738
1.071090	4.422024
1.071579	4.335595
1.072069	4.281786
1.072559	4.200476
1.073049	4.159405
1.073540	4.087024
1.074032	4.135000
1.074524	4.134524
1.075017	4.083929
1.075510	4.061548
1.076003	4.104405
1.076498	4.064643
1.076992	4.041310
1.077487	4.111310
1.077983	4.239167
1.078479	4.281190
1.078976	4.197857
1.079473	4.189881
1.079971	4.246786
1.080469	4.345238
1.080968	4.350595
1.081467	4.234286
1.081967	4.263214
1.082467	4.210357
1.082968	4.224167
1.083469	4.236905
1.083971	4.263571
1.084473	4.230238
1.084976	4.250000
1.085479	4.285357
1.085983	4.199405
1.086488	4.178571
1.086993	4.342738
1.087498	4.336667
1.088004	4.289643
1.088511	4.184048
1.089018	4.249167
1.089525	4.364286
1.090033	4.405833
1.090542	4.399286
1.091051	4.337381
1.091561	4.336071
1.092071	4.422976
1.092582	4.416071
1.093093	4.611548
1.093605	4.670714
1.094117	4.712024
1.094630	4.605000
1.095144	4.613929
1.095658	4.537143
1.096172	4.526429
1.096687	4.524167
1.097203	4.565476
1.097719	4.406429
1.098236	4.381190
1.098753	4.429643
1.099271	4.403810
1.099789	4.302500
1.100308	4.316071
1.100827	4.343690
1.101347	4.349167
1.101868	4.328095
1.102389	4.302976
1.102910	4.320238
1.103432	4.303333
1.103955	4.304167
1.104478	4.264405
1.105002	4.224643
1.105526	4.394762
1.106051	4.399762
1.106577	4.568214
1.107103	4.617500
1.107629	4.590476
1.108156	4.583571
1.108684	4.692024
1.109212	4.675238
1.109741	4.619881
1.110270	4.733929
1.110800	4.766190
1.111331	4.650357
1.111862	4.592857
1.112393	4.677619
1.112925	4.582857
1.113458	4.590357
1.113991	4.567262
1.114525	4.537262
1.115060	4.412738
1.115595	4.442857
1.116130	4.506786
1.116666	4.478452
1.117203	4.461786
1.117740	4.355952
1.118278	4.326190
1.118817	4.387976
1.119356	4.367381
1.119895	4.328929
1.120436	4.338095
1.120976	4.327381
1.121518	4.243690
1.122059	4.287024
1.122602	4.313810
1.123145	4.289524
1.123689	4.218810
1.124233	4.245238
1.124778	4.222024
1.125323	4.227619
1.125869	4.247143
1.126416	4.285595
1.126963	4.293929
1.127511	4.206310
1.128059	4.125476
1.128608	4.251429
1.129157	4.166310
1.129707	4.099405
1.130258	4.201071
1.130810	4.129286
1.131361	4.142500
1.131914	4.158452
1.132467	4.167024
1.133021	4.089643
1.133575	4.071905
1.134130	3.963690
1.134685	4.024167
1.135241	4.061071
1.135798	4.159524
1.136355	4.284643
1.136913	4.315119
1.137472	4.378333
1.138031	4.425595
1.138591	4.408095
1.139151	4.404286
1.139712	4.472976
1.140274	4.393214
1.140836	4.418690
1.141399	4.412381
1.141962	4.217976
1.142526	4.289167
1.143091	4.254167
1.143656	4.263333
1.144222	4.225238
1.144788	4.311786
1.145355	4.320595
1.145923	4.408690
1.146491	4.413095
1.147060	4.477381
1.147630	4.513214
1.148200	4.514643
1.148771	4.505119
1.149342	4.480952
1.149914	4.473929
1.150487	4.406429
1.151061	4.491071
1.151635	4.487738
1.152209	4.427976
1.152784	4.462500
1.153360	4.511071
1.153937	4.656429
1.154514	4.727143
1.155092	4.751429
1.155670	4.820476
1.156249	4.883929
1.156829	4.861548
1.157409	4.880357
1.157990	4.882500
1.158572	4.805833
1.159154	4.708571
1.159737	4.667619
1.160321	4.683095
1.160905	4.601905
1.161490	4.682857
1.162075	4.707024
1.162661	4.731310
1.163248	4.681071
1.163836	4.604643
1.164424	4.619286
1.165013	4.618452
1.165602	4.609524
1.166192	4.541548
1.166783	4.492381
1.167374	4.590595
1.167966	4.610714
1.168559	4.697619
1.169152	4.645595
1.169746	4.660000
1.170341	4.740476
1.170936	4.788333
1.171532	4.678452
1.172129	4.737024
1.172727	4.694167
1.173325	4.842857
1.173923	4.809643
1.174523	4.759405
1.175123	4.759048
1.175723	4.830119
1.176325	4.871786
1.176927	4.955119
1.177530	5.000476
1.178133	5.020952
1.178737	5.113333
1.179342	5.129524
1.179948	5.036548
1.180554	5.010238
1.181161	4.918452
1.181768	5.009881
1.182376	5.044405
1.182985	5.080833
1.183595	5.140119
1.184205	5.355714
1.184816	5.279405
1.185428	5.224643
1.186040	5.161905
1.186653	5.080952
1.187267	5.233810
1.187881	5.297262
1.188497	5.278333
1.189112	5.296310
1.189729	5.273571
1.190346	5.349762
1.190964	5.415000
1.191583	5.361310
1.192202	5.438690
1.192822	5.390714
1.193443	5.376071
1.194064	5.321071
1.194687	5.347857
1.195310	5.381905
1.195933	5.412738
1.196557	5.443690
1.197183	5.491071
1.197808	5.566190
1.198435	5.746667
1.199062	5.812619
1.199690	5.917381
1.200318	5.763214
1.200948	5.799881
1.201578	5.969048
1.202209	6.025119
1.202840	6.060833
1.203472	5.930357
1.204105	5.934881
1.204739	6.025952
1.205374	5.979405
1.206009	6.164643
1.206645	6.189286
1.207281	6.418333
1.207919	6.340238
1.208557	6.320000
1.209195	6.267976
1.209835	6.378929
1.210475	6.300952
1.211116	6.357024
1.211758	6.295000
1.212401	6.313214
1.213044	6.403333
1.213688	6.517381
1.214333	6.656786
1.214978	6.584524
1.215625	6.770714
1.216272	6.912619
1.216919	7.094405
1.217568	7.276190
1.218217	7.368452
1.218867	7.527619
1.219518	7.541786
1.220170	7.746429
1.220822	7.693095
1.221475	7.990476
1.222129	8.237024
1.222784	8.511190
1.223439	8.602381
1.224095	8.816071
1.224752	9.087143
1.225410	9.261071
1.226068	9.502143
1.226727	9.750000
1.227387	10.107143
1.228048	10.262143
1.228710	10.549405
1.229372	10.790238
1.230035	10.998810
1.230699	11.255714
1.231364	11.484286
1.232029	11.737857
1.232695	12.033333
1.233362	12.353452
1.234030	12.631905
1.234699	13.172262
1.235368	13.544881
1.236038	13.840595
1.236709	14.061310
1.237381	14.426071
1.238054	14.807500
1.238727	15.137857
1.239401	15.567262
1.240076	16.001071
1.240752	16.455833
1.241428	16.800833
1.242106	17.306190
1.242784	17.764881
1.243463	18.281310
1.244143	18.950952
1.244823	19.584167
1.245504	20.112143
1.246187	20.757381
1.246870	21.470595
1.247554	22.224286
1.248238	22.910000
1.248924	23.603452
1.249610	24.254524
1.250297	24.998214
1.250985	26.006310
1.251674	26.931786
1.252363	27.803333
1.253054	28.738571
1.253745	29.766905
1.254437	30.659167
1.255130	31.570357
1.255823	32.577857
1.256518	33.706190
1.257213	34.782143
1.257910	35.930119
1.258607	36.984405
1.259305	38.104048
1.260003	39.426667
1.260703	40.691429
1.261403	41.908095
1.262105	43.261071
1.262807	44.612857
1.263510	46.039048
1.264213	47.428571
1.264918	48.915714
1.265624	50.320476
1.266330	51.806548
1.267037	53.408095
1.267745	55.066548
1.268454	56.748333
1.269164	58.490119
1.269875	60.324405
1.270586	62.238095
1.271299	64.097262
1.272012	66.164286
1.272726	68.196071
1.273441	70.405119
1.274157	72.635000
1.274874	74.728690
1.275591	76.923095
1.276310	79.290357
1.277029	81.539405
1.277749	84.003095
1.278470	86.462262
1.279193	89.129167
1.279915	91.663929
1.280639	94.101071
1.281364	96.760833
1.282089	99.505119
1.282816	102.169405
1.283543	104.954881
1.284271	107.699762
1.285001	110.405595
1.285731	113.178095
1.286461	115.892619
1.287193	118.771429
1.287926	121.622500
1.288660	124.542143
1.289394	127.274405
1.290130	130.313214
1.290866	133.134881
1.291603	135.931667
1.292341	138.961786
1.293080	141.871905
1.293820	144.821905
1.294561	147.635000
1.295303	150.485119
1.296046	153.522857
1.296790	156.355595
1.297534	159.020000
1.298280	161.689405
1.299026	164.238333
1.299773	166.939881
1.300522	169.570238
1.301271	172.263452
1.302021	174.711905
1.302772	176.863095
1.303524	178.966429
1.304277	180.995000
1.305031	183.231190
1.305786	185.060476
1.306542	186.940595
1.307298	188.733571
1.308056	190.302024
1.308815	191.736190
1.309574	192.856548
1.310335	194.142500
1.311096	195.284405
1.311859	196.386310
1.312622	197.310357
1.313387	198.081786
1.314152	198.810952
1.314918	199.346071
1.315685	199.679762
1.316454	199.955476
1.317223	199.810238
1.317993	199.875476
1.318764	199.767976
1.319536	199.479524
1.320309	199.147500
1.321083	198.451071
1.321858	197.837381
1.322634	197.030833
1.323411	196.214881
1.324189	195.160000
1.324968	194.095833
1.325748	192.942143
1.326529	191.443810
1.327311	189.883810
1.328094	188.070238
1.328878	186.235119
1.329663	184.281786
1.330449	182.118690
1.331236	180.043333
1.332024	177.965238
1.332813	175.647619
1.333603	173.420000
1.334394	170.968929
1.335186	168.581429
1.335978	166.012619
1.336772	163.324405
1.337567	160.780238
1.338363	157.974167
1.339160	155.335595
1.339959	152.427976
1.340758	149.579762
1.341558	146.607976
1.342359	143.685238
1.343161	140.835119
1.343964	138.008690
1.344768	135.116786
1.345574	132.146548
1.346380	129.321071
1.347187	126.509643
1.347996	123.744643
1.348805	120.889286
1.349616	118.025952
1.350427	115.306190
1.351240	112.620238
1.352053	109.789286
1.352868	107.077857
1.353684	104.320952
1.354501	101.636071
1.355318	99.190952
1.356137	96.597143
1.356957	94.129048
1.357778	91.698095
1.358600	89.422500
1.359424	87.144881
1.360248	84.873690
1.361073	82.618929
1.361900	80.506667
1.362727	78.381548
1.363556	76.282381
1.364385	74.367738
1.365216	72.352381
1.366048	70.356071
1.366881	68.650000
1.367715	66.860595
1.368550	65.014762
1.369386	63.450714
1.370223	61.946786
1.371061	60.403810
1.371901	58.898333
1.372742	57.385833
1.373583	56.004762
1.374426	54.668571
1.375270	53.302143
1.376115	51.903810
1.376961	50.541667
1.377808	49.290238
1.378657	48.071905
1.379506	46.805595
1.380357	45.781786
1.381208	44.719405
1.382061	43.499048
1.382915	42.460595
1.383770	41.576667
1.384627	40.378095
1.385484	39.264286
1.386342	38.269286
1.387202	37.304643
1.388063	36.326429
1.388925	35.492976
1.389788	34.557738
1.390652	33.625714
1.391518	32.697857
1.392384	31.777738
1.393252	31.035714
1.394121	30.322262
1.394991	29.582262
1.395862	28.776905
1.396734	28.084643
1.397608	27.394405
1.398482	26.679762
1.399358	26.074167
1.400235	25.587976
1.401113	24.927500
1.401993	24.279762
1.402873	23.775000
1.403755	23.192500
1.404638	22.714405
1.405522	22.212381
1.406408	21.787738
1.407294	21.250119
1.408182	20.870238
1.409071	20.484524
1.409961	20.091310
1.410852	19.612500
1.411745	19.187500
1.412638	18.692976
1.413533	18.247976
1.414429	17.933333
1.415327	17.618214
1.416225	17.306667
1.417125	17.001548
1.418026	16.603214
1.418928	16.189643
1.419832	15.835238
1.420736	15.561310
1.421642	15.161667
1.422549	14.937500
1.423458	14.758095
1.424368	14.431905
1.425278	14.136071
1.426190	13.796786
1.427104	13.428929
1.428018	13.056310
1.428934	12.814286
1.429851	12.618810
1.430770	12.375119
1.431689	12.210714
1.432610	12.061071
1.433533	11.835476
1.434456	11.487024
1.435381	11.252619
1.436307	11.020357
1.437234	10.933690
1.438162	10.809881
1.439092	10.548690
1.440023	10.296190
1.440956	10.176429
1.441889	10.017857
1.442824	9.731429
1.443761	9.573214
1.444698	9.475000
1.445637	9.501310
1.446577	9.454405
1.447518	9.402857
1.448461	9.226429
1.449405	9.144286
1.450351	8.961548
1.451297	8.807500
1.452245	8.643333
1.453195	8.518214
1.454145	8.470714
1.455097	8.379286
1.456051	8.196905
1.457005	8.024286
1.457961	7.956548
1.458918	7.999286
1.459877	7.786786
1.460837	7.828571
1.461798	7.641548
1.462761	7.555000
1.463725	7.394048
1.464690	7.110357
1.465657	6.937143
1.466625	6.728333
1.467595	6.534762
1.468566	6.471190
1.469538	6.370595
1.470511	6.268214
1.471486	6.147619
1.472462	5.982262
1.473440	5.900357
1.474419	5.832738
1.475400	5.540476
1.476381	5.446310
1.477365	5.330238
1.478349	5.158810
1.479335	5.004643
1.480323	5.137857
1.481312	4.932619
1.482302	4.937143
1.483293	4.881190
1.484286	4.901310
1.485281	4.846190
1.486277	4.739881
1.487274	4.753690
1.488273	4.754524
1.489273	4.767619
1.490274	4.689167
1.491277	4.626190
1.492282	4.638095
1.493288	4.691071
1.494295	4.656786
1.495304	4.665595
1.496314	4.899643
1.497325	4.969286
1.498339	4.999762
1.499353	4.980000
1.500369	4.975238
1.501387	4.919643
1.502406	5.066667
1.503426	4.982857
1.504448	5.025000
1.505471	4.971667
1.506496	5.117619
1.507522	5.061905
1.508550	4.961429
1.509579	4.994405
1.510610	4.909048
1.511642	4.968929
1.512676	5.056905
1.513711	5.084762
1.514748	5.084643
1.515787	4.961786
1.516826	4.916429
1.517868	4.784167
1.518910	4.754524
1.519955	4.773690
1.521001	4.770476
1.522048	4.786310
1.523097	4.781310
1.524147	4.632619
1.525199	4.627976
1.526253	4.624881
1.527308	4.535595
1.528364	4.563452
1.529423	4.539643
1.530482	4.631786
1.531544	4.659881
1.532606	4.705119
1.533671	4.602262
1.534737	4.596310
1.535804	4.480952
1.536873	4.447024
1.537944	4.618571
1.539016	4.625000
1.540090	4.717024
1.541166	4.494881
1.542243	4.441071
1.543321	4.436310
1.544401	4.400952
1.545483	4.356310
1.546567	4.517619
1.547652	4.632619
1.548738	4.637381
1.549827	4.749405
1.550916	4.655714
1.552008	4.750357
1.553101	4.693333
1.554196	4.683690
1.555292	4.638333
1.556390	4.677262
1.557490	4.663571
1.558591	4.745357
1.559694	4.803810
1.560799	4.799167
1.561905	4.693810
1.563013	4.578095
1.564122	4.753095
1.565234	4.811190
1.566347	4.790238
1.567461	4.793214
1.568577	4.823214
1.569695	4.755833
1.570815	4.675476
1.571936	4.693929
1.573059	4.627143
1.574184	4.618095
1.575310	4.582024
1.576438	4.624286
1.577568	4.707976
1.578700	4.676071
1.579833	4.644167
1.580968	4.648929
1.582105	4.550238
1.583243	4.470595
1.584383	4.422857
1.585525	4.520238
1.586669	4.621190
1.587814	4.614762
1.588961	4.587262
1.590110	4.684524
1.591260	4.714286
1.592413	4.691548
1.593567	4.673333
1.594723	4.644286
1.595880	4.700714
1.597040	4.773929
1.598201	4.829405
1.599364	4.766429
1.600529	4.730238
1.601695	4.680833
1.602864	4.742857
1.604034	4.917500
1.605206	4.858690
1.606380	4.862738
1.607555	4.940238
1.608733	5.037143
1.609912	5.011667
1.611093	5.067619
1.612276	5.055357
1.613460	5.184048
1.614647	5.266667
1.615835	5.227024
1.617025	5.214762
1.618218	5.204881
1.619411	5.337500
1.620607	5.121667
1.621805	5.077619
1.623004	5.050833
1.624206	5.188571
1.625409	5.260000
1.626614	5.215000
1.627821	5.211786
1.629030	5.120476
1.630241	5.181429
1.631453	5.242619
1.632668	5.232381
1.633884	5.201310
1.635103	5.228690
1.636323	5.160833
1.637545	5.186786
1.638769	5.085833
1.639996	4.910119
1.641224	4.809643
1.642453	4.723095
1.643685	4.712976
1.644919	4.532738
1.646155	4.678929
1.647393	4.761786
1.648632	4.690000
1.649874	4.733095
1.651118	4.801786
1.652363	4.747619
1.653611	4.831071
1.654860	4.741786
1.656112	4.821667
1.657365	4.871548
1.658621	4.855714
1.659878	4.701190
1.661138	4.699405
1.662399	4.636667
1.663663	4.677381
1.664929	4.560476
1.666196	4.674881
1.667466	4.754405
1.668737	4.873214
1.670011	4.829286
1.671287	4.973571
1.672565	4.879048
1.673845	4.877619
1.675126	4.881310
1.676410	4.799643
1.677696	4.660833
1.678985	4.761905
1.680275	4.664881
1.681567	4.747500
1.682861	4.708929
1.684158	4.662738
1.685456	4.713333
1.686757	4.823810
1.688060	4.828690
1.689365	4.894405
1.690672	4.906905
1.691981	5.018929
1.693292	4.955238
1.694605	4.960476
1.695921	4.954881
1.697239	5.011667
1.698558	4.898929
1.699880	4.955476
1.701205	4.870119
1.702531	5.055119
1.703859	4.985952
1.705190	5.062976
1.706523	4.953690
1.707858	4.997738
1.709195	4.885714
1.710534	4.869048
1.711876	4.871071
1.713220	4.910595
1.714566	5.015833
1.715914	5.077619
1.717264	5.157381
1.718617	5.100833
1.719972	4.956429
1.721329	4.990833
1.722689	5.083810
1.724050	4.925476
1.725414	4.858571
1.726780	4.997857
1.728149	4.908810
1.729520	4.874405
1.730893	4.692143
1.732268	4.725357
1.733645	4.738452
1.735025	4.847024
1.736408	4.846429
1.737792	4.869167
1.739179	4.772143
1.740568	4.738452
1.741959	4.630952
1.743353	4.501190
1.744749	4.418452
1.746148	4.311786
1.747549	4.332976
1.748952	4.495476
1.750357	4.447024
1.751765	4.423452
1.753175	4.597500
1.754588	4.682024
1.756003	4.560476
1.757420	4.649167
1.758840	4.699643
1.760262	4.713095
1.761687	4.782500
1.763114	4.777024
1.764543	4.638690
1.765975	4.579643
1.767410	4.600952
1.768846	4.683095
1.770286	4.706667
1.771727	4.660476
1.773171	4.762024
1.774618	4.811429
1.776067	4.933929
1.777518	5.030357
1.778972	5.013333
1.780429	5.066905
1.781888	5.047619
1.783349	4.998690
1.784813	4.975000
1.786280	4.962738
1.787749	4.937143
1.789220	4.922976
1.790694	4.912619
1.792171	4.815476
1.793650	4.801429
1.795132	4.852024
1.796616	4.802857
1.798103	4.703452
1.799592	4.689286
1.801084	4.712500
1.802579	4.812857
1.804076	4.657143
1.805576	4.603690
1.807078	4.426667
1.808583	4.351667
1.810090	4.290238
1.811601	4.289762
1.813114	4.242738
1.814629	4.238452
1.816147	4.263810
1.817668	4.340357
1.819191	4.322738
1.820717	4.362738
1.822246	4.434643
1.823778	4.460714
1.825312	4.401548
1.826849	4.561190
1.828388	4.707857
1.829930	4.894643
1.831475	4.894524
1.833023	4.832738
1.834574	4.835833
1.836127	4.961548
1.837683	5.007500
1.839241	5.037143
1.840803	5.058929
1.842367	5.074881
1.843934	5.031310
1.845504	5.022024
1.847076	5.058929
1.848651	5.032738
1.850230	4.966071
1.851810	4.954524
1.853394	4.894048
1.854981	4.862262
1.856570	4.900357
1.858162	4.894167
1.859758	4.776429
1.861356	4.665000
1.862956	4.662500
1.864560	4.673214
1.866167	4.705952
1.867776	4.692024
1.869388	4.673810
1.871004	4.720000
1.872622	4.694762
1.874243	4.721786
1.875867	4.699405
1.877494	4.729167
1.879124	4.806786
1.880756	4.835476
1.882392	4.816667
1.884031	4.794048
1.885673	4.878452
1.887317	4.947262
1.888965	4.907262
1.890616	4.822143
1.892269	4.789881
1.893926	4.770833
1.895586	4.795595
1.897249	4.702857
1.898914	4.720238
1.900583	4.693214
1.902255	4.723571
1.903930	4.787976
1.905608	4.718810
1.907289	4.663810
1.908973	4.681905
1.910661	4.830238
1.912351	4.830238
1.914045	4.838571
1.915741	4.759405
1.917441	4.840833
1.919144	4.903690
1.920850	4.802619
1.922559	4.815833
1.924271	4.844881
1.925987	4.852619
1.927706	4.975714
1.929428	5.001190
1.931153	5.010833
1.932881	4.917381
1.934613	4.865833
1.936347	5.003571
1.938085	5.002976
1.939826	4.967738
1.941571	5.066905
1.943319	5.141667
1.945070	5.193214
1.946824	4.974881
1.948582	4.899524
1.950343	4.994881
1.952107	4.987500
1.953874	4.839048
1.955645	4.848214
1.957419	4.922024
1.959197	4.815357
1.960978	4.845952
1.962762	4.852857
1.964550	4.670357
1.966341	4.573690
1.968135	4.682738
1.969933	4.672024
1.971734	4.620119
1.973539	4.577738
1.975347	4.560714
1.977158	4.545357
1.978973	4.405476
1.980792	4.380714
1.982614	4.320238
1.984439	4.420357
1.986268	4.409524
1.988100	4.379286
1.989936	4.372857
1.991775	4.462024
1.993618	4.340238
1.995465	4.256071
1.997315	4.309762
1.999168	4.268571
2.001025	4.290952
2.002886	4.589643
2.004751	4.631548
2.006618	4.505000
2.008490	4.671786
2.010365	4.737857
2.012244	4.674881
2.014126	4.641429
2.016012	4.622024
2.017902	4.750000
2.019796	4.810357
2.021693	4.762024
2.023594	4.743929
2.025498	4.870357
2.027406	4.735357
2.029318	4.747262
2.031234	4.787857
2.033153	4.911071
2.035077	4.980357
2.037004	4.919524
2.038934	4.969286
2.040869	5.037024
2.042807	4.911786
2.044749	4.983095
2.046696	5.022262
2.048645	4.961786
2.050599	4.925595
2.052557	4.896905
2.054518	4.852738
2.056483	4.801190
2.058453	4.696905
2.060426	4.713333
2.062403	4.691667
2.064384	4.651786
2.066369	4.635476
2.068358	4.638214
2.070350	4.732381
2.072347	4.636071
2.074348	4.635000
2.076353	4.582262
2.078362	4.594048
2.080375	4.631429
2.082392	4.600238
2.084412	4.681310
2.086438	4.693571
2.088467	4.652381
2.090500	4.610476
2.092537	4.681548
2.094578	4.653333
2.096624	4.790833
2.098674	4.897143
2.100727	4.887024
2.102785	4.916786
2.104847	4.917500
2.106914	5.051071
2.108984	4.982738
2.111059	5.054405
2.113138	4.993452
2.115221	5.029762
2.117308	4.966786
2.119400	4.930238
2.121496	5.012619
2.123596	4.929286
2.125701	4.877381
2.127810	4.799167
2.129923	4.791429
2.132041	4.904762
2.134162	5.024167
2.136289	4.992500
2.138419	5.087381
2.140554	4.981786
2.142694	4.846071
2.144838	4.772738
2.146986	4.870119
2.149139	4.937143
2.151296	4.824167
2.153458	4.912619
2.155624	4.929643
2.157795	4.839524
2.159970	4.902500
2.162150	4.860476
2.164334	4.891071
2.166523	4.946905
2.168716	5.037857
2.170914	5.055000
2.173117	5.094762
2.175324	4.995238
2.177536	4.891905
2.179753	4.807381
2.181974	4.889405
2.184200	4.867381
2.186430	4.926190
2.188665	5.106190
2.190905	5.136786
2.193150	5.091905
2.195400	5.112024
2.197654	5.149286
2.199913	5.075833
2.202177	5.068095
2.204445	5.059048
2.206719	4.994762
2.208997	5.133333
2.211280	5.267976
2.213568	5.186905
2.215861	5.159405
2.218159	5.191548
2.220462	5.155119
2.222769	5.199643
2.225082	5.167976
2.227400	5.240357
2.229722	5.138929
2.232050	5.066786
2.234382	5.075119
2.236720	4.944167
2.239063	4.956190
2.241410	4.944405
2.243763	4.886071
2.246121	4.879286
2.248484	4.797619
2.250852	4.756071
2.253225	4.790595
2.255604	4.817857
2.257987	4.698571
2.260376	4.562976
2.262770	4.668810
2.265170	4.542619
2.267574	4.536071
2.269984	4.467738
2.272399	4.531429
2.274819	4.642619
2.277245	4.595952
2.279676	4.617976
2.282112	4.686310
2.284554	4.576548
2.287001	4.624524
2.289454	4.764762
2.291912	4.634524
2.294375	4.577738
2.296844	4.630833
2.299318	4.701429
2.301798	4.646190
2.304283	4.616429
2.306774	4.483571
2.309271	4.511667
2.311773	4.696310
2.314280	4.597738
2.316793	4.626429
2.319312	4.641071
2.321837	4.568095
2.324367	4.502619
2.326902	4.490833
2.329444	4.478929
2.331991	4.446071
2.334544	4.371310
2.337103	4.453690
2.339667	4.389167
2.342237	4.273333
2.344813	4.339048
2.347395	4.302143
2.349983	4.269524
2.352577	4.279524
2.355176	4.380952
2.357782	4.365357
2.360393	4.477262
2.363010	4.566190
2.365634	4.380357
2.368263	4.255833
2.370898	4.305238
2.373540	4.206071
2.376187	4.290714
2.378841	4.314643
2.381500	4.272024
2.384166	4.402738
2.386838	4.385357
2.389516	4.412738
2.392200	4.416905
2.394890	4.483095
2.397587	4.577619
2.400290	4.539405
2.402999	4.619643
2.405714	4.626786
2.408436	4.650833
2.411164	4.528214
2.413899	4.566786
2.416639	4.609167
2.419387	4.682500
2.422140	4.738929
2.424900	4.983810
2.427667	4.949048
2.430440	5.081548
2.433219	5.066786
2.436006	5.031786
2.438798	4.987738
2.441597	4.881905
2.444403	4.933214
2.447216	5.124048
2.450035	5.062976
2.452861	4.991190
2.455693	4.956786
2.458532	5.065000
2.461378	5.024524
2.464231	4.985119
2.467090	4.878810
2.469957	5.042262
2.472830	5.052143
2.475710	5.070119
2.478597	4.982857
2.481491	5.080595
2.484392	4.960714
2.487299	4.959881
2.490214	4.889286
2.493136	4.938214
2.496065	4.863452
2.499001	4.987619
2.501944	5.057381
2.504894	5.125000
2.507851	5.006786
2.510816	5.045357
2.513787	5.052143
2.516766	5.116667
2.519752	5.067976
2.522745	4.985119
2.525746	4.956429
2.528754	5.036905
2.531769	4.992024
2.534792	4.946667
2.537822	4.828690
2.540860	4.735595
2.543905	4.679405
2.546958	4.573452
2.550018	4.580476
2.553085	4.506548
2.556160	4.389524
2.559243	4.519524
2.562334	4.410952
2.565432	4.433095
2.568537	4.317024
2.571651	4.260357
2.574772	4.239762
2.577901	4.284167
2.581038	4.404405
2.584182	4.433929
2.587335	4.453333
2.590495	4.478690
2.593664	4.483214
2.596840	4.386548
2.600024	4.553810
2.603216	4.662500
2.606416	4.764405
2.609625	4.750833
2.612841	4.817738
2.616066	4.840000
2.619298	4.958095
2.622539	5.087381
2.625789	5.008214
2.629046	5.005238
2.632312	4.881310
2.635586	5.013452
2.638868	4.991429
2.642159	5.031310
2.645458	5.071310
2.648765	4.869405
2.652081	4.815238
2.655406	4.900357
2.658739	4.928571
2.662081	4.994167
2.665431	5.142143
2.668790	4.949762
2.672157	4.916190
2.675534	4.892262
2.678919	4.928690
2.682313	4.976190
2.685715	4.876190
2.689127	4.842381
2.692547	4.852976
2.695976	4.975833
2.699415	5.141190
2.702862	5.177500
2.706318	5.088690
2.709783	5.124881
2.713258	5.117976
2.716741	5.121667
2.720234	5.068810
2.723736	5.042262
2.727247	4.972500
2.730767	4.925833
2.734297	4.866190
2.737836	4.764405
2.741384	4.900952
2.744942	4.914762
2.748509	4.922381
2.752086	4.915476
2.755672	4.996905
2.759268	5.082857
2.762873	5.097976
2.766488	5.051548
2.770113	5.019048
2.773748	4.871310
2.777392	4.898452
2.781046	4.965119
2.784710	4.943333
2.788383	4.919881
2.792067	4.882619
2.795761	4.882024
2.799464	4.973810
2.803178	5.074167
2.806902	5.074167
2.810636	5.006429
2.814380	5.059524
2.818134	4.892381
2.821898	4.801310
2.825673	4.871190
2.829458	4.863214
2.833254	4.836786
2.837059	4.831667
2.840876	4.826786
2.844703	4.741548
2.848540	4.726190
2.852388	4.644405
2.856247	4.632143
2.860116	4.599405
2.863996	4.492500
2.867886	4.592976
2.871788	4.510000
2.875700	4.559762
2.879624	4.433929
2.883558	4.357024
2.887503	4.440952
2.891459	4.502381
2.895427	4.459643
2.899405	4.556071
2.903395	4.557262
2.907396	4.414881
2.911408	4.455595
2.915431	4.293214
2.919466	4.360476
2.923512	4.392976
2.927570	4.402381
2.931639	4.326071
2.935720	4.508452
2.939812	4.405119
2.943916	4.326429
2.948032	4.427738
2.952160	4.308571
2.956299	4.333333
2.960450	4.400476
2.964613	4.447976
2.968788	4.439405
2.972975	4.326190
2.977174	4.345119
2.981385	4.343571
2.985609	4.361548
2.989844	4.494167
2.994092	4.541429
2.998352	4.426667
3.002625	4.523095
3.006910	4.555833
3.011207	4.447738
3.015517	4.538452
3.019840	4.549286
3.024175	4.471071
3.028523	4.505476
3.032884	4.605952
3.037257	4.716905
3.041644	4.836548
3.046043	4.880119
3.050455	4.897381
3.054881	4.872857
3.059319	4.969405
3.063771	4.959048
3.068236	4.957857
3.072714	4.892143
3.077205	4.856310
3.081710	4.695000
3.086229	4.655357
3.090760	4.640357
3.095306	4.652738
3.099865	4.587381
3.104438	4.631310
3.109024	4.642500
3.113625	4.653810
3.118239	4.673333
3.122867	4.667857
3.127509	4.650119
3.132166	4.815714
3.136836	4.732976
3.141521	4.667976
3.146220	4.580476
3.150933	4.546310
3.155660	4.473333
3.160403	4.610357
3.165159	4.697738
3.169930	4.745952
3.174716	4.809048
3.179517	4.833452
3.184332	4.842143
3.189163	4.935238
3.194008	4.897619
3.198868	4.865952
3.203744	4.913214
3.208634	4.820595
3.213540	4.880119
3.218461	4.851310
3.223397	4.925714
3.228349	4.949048
3.233316	4.821786
3.238299	4.860714
3.243298	4.785952
3.248312	4.807857
3.253342	4.810952
3.258388	4.796310
3.263450	4.709643
3.268528	4.615952
3.273622	4.558810
3.278732	4.554405
3.283858	4.732738
3.289001	4.727976
3.294160	4.674167
3.299336	4.773690
3.304528	4.766190
3.309737	4.712500
3.314962	4.799167
3.320205	4.587619
3.325464	4.711071
3.330740	4.606190
3.336034	4.506071
3.341344	4.332381
3.346672	4.226310
3.352017	4.286071
3.357379	4.221190
3.362759	4.205714
3.368156	4.286786
3.373571	4.275952
3.379004	4.231429
3.384454	4.298214
3.389923	4.276548
3.395409	4.137976
3.400914	4.230119
3.406437	4.151071
3.411977	4.083571
3.417537	4.121429
3.423114	4.206429
3.428711	4.120595
3.434326	4.232262
3.439959	4.146429
3.445612	4.191429
3.451283	4.201429
3.456973	4.187619
3.462683	4.205833
3.468411	4.302619
3.474159	4.318214
3.479926	4.335833
3.485713	4.322738
3.491519	4.346190
3.497346	4.370833
3.503191	4.340119
3.509057	4.266786
3.514943	4.218929
3.520848	4.160357
3.526774	4.160952
3.532721	4.070952
3.538687	4.010952
3.544674	3.943929
3.550682	4.105357
3.556710	4.161190
3.562760	4.104405
3.568830	4.131071
3.574921	4.147500
3.581033	4.219286
3.587167	4.306071
3.593322	4.281071
3.599498	4.261190
3.605696	4.384881
3.611916	4.381429
3.618158	4.382143
3.624421	4.456667
3.630707	4.572500
3.637015	4.772024
3.643344	4.826905
3.649697	4.820952
3.656072	4.835000
3.662469	4.899643
3.668890	4.874643
3.675333	4.949881
3.681799	4.823929
3.688288	4.947024
3.694801	4.925119
3.701337	4.942857
3.707896	4.927857
3.714479	4.847976
3.721086	4.834167
3.727717	4.797976
3.734371	5.004524
3.741050	4.853929
3.747753	4.803333
3.754481	4.858690
3.761233	4.764405
3.768010	4.741310
3.774811	4.552500
3.781638	4.623214
3.788489	4.633690
3.795366	4.728810
3.802268	4.578810
3.809196	4.718690
3.816149	4.730714
3.823128	4.727857
3.830133	4.690476
3.837164	4.743452
3.844221	4.679643
3.851305	4.672976
3.858415	4.787619
3.865552	4.739524
3.872716	4.789643
3.879906	4.620952
3.887124	4.597024
3.894369	4.599762
3.901641	4.576071
3.908941	4.617500
3.916269	4.713690
3.923625	4.745119
3.931008	4.686667
3.938420	4.677619
3.945860	4.694762
3.953329	4.884881
3.960827	4.838214
3.968353	4.821548
3.975908	4.756071
3.983493	4.680119
3.991107	4.783095
3.998750	4.719405
4.006423	4.803452
4.014127	4.717143
4.021860	4.649524
4.029623	4.742381
4.037417	4.771786
4.045241	4.991905
4.053096	5.002619
4.060983	5.054762
4.068900	5.016429
4.076848	4.904405
4.084829	4.920952
4.092840	4.937262
4.100884	4.925238
4.108960	4.929405
4.117068	4.894286
4.125208	5.027143
4.133381	5.015833
4.141587	5.050000
4.149826	5.088929
4.158099	4.996190
4.166404	5.004167
4.174744	4.999762
4.183117	5.061786
4.191524	5.201786
4.199966	5.003214
4.208442	5.010714
4.216953	4.843452
4.225498	4.920595
4.234079	4.878810
4.242695	4.884048
4.251347	4.907976
4.260035	5.081905
4.268758	5.214286
4.277518	5.260595
4.286314	5.196310
4.295147	5.198333
4.304017	5.037381
4.312923	5.001548
4.321868	5.089643
4.330850	5.081429
4.339869	5.021548
4.348927	5.145952
4.358023	5.152143
4.367158	5.082619
4.376331	4.958095
4.385544	5.043690
4.394796	4.932619
4.404087	4.984643
4.413419	4.880476
4.422790	4.859405
4.432202	4.934881
4.441654	4.837500
4.451147	4.775476
4.460681	4.632500
4.470257	4.641786
4.479874	4.608214
4.489533	4.768929
4.499235	4.705119
4.508979	4.587619
4.518765	4.559286
4.528595	4.590595
4.538468	4.656905
4.548385	4.646071
4.558345	4.600714
4.568350	4.580476
4.578399	4.625000
4.588494	4.597857
4.598633	4.680952
4.608817	4.637381
4.619047	4.632381
4.629324	4.637976
4.639646	4.649048
4.650015	4.684643
4.660431	4.644643
4.670895	4.620119
4.681406	4.539286
4.691965	4.565238
4.702572	4.269167
4.713227	4.285595
4.723932	4.359167
4.734686	4.384048
4.745489	4.349286
4.756342	4.267619
4.767246	4.245476
4.778200	4.313571
4.789205	4.373690
4.800262	4.361905
4.811370	4.351786
4.822530	4.312500
4.833743	4.441429
4.845008	4.437500
4.856327	4.444405
4.867699	4.333810
4.879125	4.420357
4.890605	4.384643
4.902140	4.277262
4.913730	4.392024
4.925376	4.382143
4.937077	4.562381
4.948835	4.572857
4.960649	4.655238
4.972521	4.653571
4.984450	4.605119
4.996437	4.704405
5.008482	4.720595
5.020586	4.608929
5.032749	4.645119
5.044972	4.674643
5.057255	4.699405
5.069599	4.776310
5.082003	4.668810
5.094469	4.698690
5.106997	4.726429
5.119587	4.720357
5.132240	4.508452
5.144956	4.567976
5.157736	4.796429
5.170580	4.796310
5.183489	4.812619
5.196463	4.707262
5.209503	4.826667
5.222609	4.818929
5.235782	4.871786
5.249022	4.868810
5.262329	4.937500
5.275705	5.006310
5.289150	5.054524
5.302664	5.047143
5.316248	5.156905
5.329902	5.130119
5.343627	5.053214
5.357424	5.150595
5.371293	5.287857
5.385234	5.264048
5.399249	5.401429
5.413337	5.495952
5.427500	5.391310
5.441737	5.384286
5.456051	5.398690
5.470440	5.356429
5.484906	5.436786
5.499449	5.330119
5.514071	5.285119
5.528771	5.117024
5.543550	5.126667
5.558409	5.018690
5.573349	4.991429
5.588370	4.961548
5.603473	4.889881
5.618658	4.947500
5.633926	4.987619
5.649279	5.128929
5.664716	5.001548
5.680238	4.871429
5.695846	4.857857
5.711541	4.823333
5.727323	4.867500
5.743194	5.023810
5.759153	4.967381
5.775203	4.932262
5.791342	5.007143
5.807573	5.092024
5.823895	5.117738
5.840311	5.165357
5.856820	5.172976
5.873423	5.219524
5.890121	5.200714
5.906916	5.258810
5.923807	5.307500
5.940795	5.425952
5.957883	5.275357
5.975069	5.162500
5.992356	5.102024
6.009744	5.122619
6.027234	5.063333
6.044826	5.257500
6.062523	4.407500
6.080324	6.892500
6.098230	5.302500
6.116244	5.992500
6.134365	4.955000
6.152594	2.435000
6.170933	5.547500
6.189382	4.100000
6.207943	3.057500
