%% INTEG 5.0 AVG 100.0 SMOOTH 10
1.000060	9.090000
1.000479	9.365000
1.000898	8.385000
1.001318	9.857500
1.001738	8.805000
1.002158	8.352500
1.002579	11.185000
1.003000	11.292500
1.003422	12.355000
1.003844	11.803810
1.004266	12.235000
1.004689	12.696310
1.005112	13.260595
1.005536	13.845000
1.005960	14.483214
1.006384	15.207024
1.006809	16.004167
1.007235	16.649643
1.007660	17.386786
1.008086	18.094048
1.008513	19.074286
1.008940	19.919643
1.009367	20.873452
1.009795	21.827262
1.010223	22.934048
1.010652	24.031071
1.011081	25.312976
1.011510	26.505357
1.011940	27.736905
1.012370	28.799524
1.012801	30.196190
1.013232	31.634405
1.013664	33.061190
1.014095	34.338095
1.014528	35.562262
1.014960	36.793333
1.015394	37.922024
1.015827	39.211667
1.016261	40.467381
1.016696	41.728810
1.017131	42.955119
1.017566	43.846786
1.018001	44.885357
1.018438	45.852381
1.018874	46.832262
1.019311	47.738690
1.019748	48.503690
1.020186	49.247381
1.020625	49.804286
1.021063	50.492738
1.021502	50.863929
1.021942	51.121786
1.022382	51.352857
1.022822	51.409405
1.023263	51.419881
1.023704	51.514762
1.024146	51.527381
1.024588	51.471548
1.025031	51.385714
1.025474	51.162500
1.025917	50.864643
1.026361	50.308929
1.026805	49.922976
1.027250	49.504167
1.027695	48.837262
1.028141	48.187143
1.028587	47.413333
1.029033	46.799524
1.029480	45.818333
1.029927	45.007976
1.030375	43.993452
1.030823	43.381310
1.031272	42.501071
1.031721	41.452262
1.032171	40.551429
1.032621	39.687857
1.033071	38.830000
1.033522	37.746905
1.033973	36.808690
1.034425	35.601310
1.034877	34.493571
1.035330	33.452024
1.035783	32.575000
1.036237	31.557619
1.036691	30.518095
1.037145	29.662500
1.037600	28.831071
1.038055	28.027262
1.038511	27.074524
1.038967	26.414762
1.039424	25.507738
1.039881	24.853095
1.040339	24.079762
1.040797	23.302738
1.041255	22.690357
1.041714	22.058929
1.042174	21.364286
1.042634	20.675238
1.043094	20.096429
1.043555	19.445714
1.044016	18.966905
1.044478	18.584524
1.044940	18.049286
1.045403	17.463929
1.045866	16.987738
1.046329	16.512381
1.046793	16.167381
1.047258	15.722976
1.047723	15.364286
1.048188	15.051429
1.048654	14.717857
1.049121	14.535595
1.049588	14.180119
1.050055	13.790238
1.050523	13.517976
1.050991	13.200714
1.051460	12.850000
1.051929	12.538214
1.052398	12.317500
1.052869	12.131071
1.053339	11.929524
1.053810	11.723929
1.054282	11.412500
1.054754	11.341905
1.055226	11.360595
1.055699	11.271548
1.056173	11.156667
1.056647	10.980595
1.057121	10.725952
1.057596	10.574643
1.058071	10.312738
1.058547	10.039524
1.059023	9.877857
1.059500	9.702024
1.059978	9.548333
1.060455	9.346905
1.060934	9.197381
1.061412	9.097738
1.061892	9.002143
1.062371	8.823929
1.062851	8.647262
1.063332	8.638810
1.063813	8.432857
1.064295	8.397857
1.064777	8.097024
1.065260	7.984286
1.065743	7.861548
1.066227	7.676905
1.066711	7.587857
1.067195	7.682619
1.067680	7.436548
1.068166	7.359048
1.068652	7.310357
1.069139	7.123690
1.069626	7.085119
1.070113	7.130238
1.070601	7.054881
1.071090	7.038690
1.071579	7.030595
1.072069	6.964643
1.072559	6.907024
1.073049	6.858452
1.073540	6.786190
1.074032	6.736786
1.074524	6.740476
1.075017	6.750357
1.075510	6.620119
1.076003	6.630000
1.076498	6.696786
1.076992	6.684048
1.077487	6.573810
1.077983	6.585714
1.078479	6.610238
1.078976	6.511429
1.079473	6.575476
1.079971	6.568929
1.080469	6.524524
1.080968	6.546310
1.081467	6.480714
1.081967	6.456071
1.082467	6.522738
1.082968	6.487024
1.083469	6.453571
1.083971	6.362381
1.084473	6.412619
1.084976	6.430595
1.085479	6.496786
1.085983	6.502143
1.086488	6.375000
1.086993	6.449167
1.087498	6.374167
1.088004	6.296310
1.088511	6.305833
1.089018	6.292619
1.089525	6.418214
1.090033	6.296548
1.090542	6.224286
1.091051	6.230833
1.091561	6.306310
1.092071	6.325952
1.092582	6.183810
1.093093	6.181786
1.093605	6.164405
1.094117	6.092143
1.094630	6.103571
1.095144	6.083571
1.095658	5.885119
1.096172	5.757381
1.096687	5.683810
1.097203	5.679881
1.097719	5.544881
1.098236	5.490357
1.098753	5.510833
1.099271	5.438690
1.099789	5.338810
1.100308	5.293571
1.100827	5.281667
1.101347	5.272024
1.101868	5.231429
1.102389	5.097262
1.102910	5.034524
1.103432	5.003095
1.103955	4.965238
1.104478	4.927262
1.105002	4.903810
1.105526	4.969286
1.106051	4.995714
1.106577	5.164405
1.107103	5.221905
1.107629	5.202857
1.108156	5.153690
1.108684	5.188452
1.109212	5.217143
1.109741	5.229643
1.110270	5.319048
1.110800	5.313452
1.111331	5.189524
1.111862	5.147500
1.112393	5.092857
1.112925	5.014286
1.113458	4.971786
1.113991	5.019762
1.114525	5.094881
1.115060	5.062262
1.115595	5.161786
1.116130	5.241071
1.116666	5.164643
1.117203	5.049405
1.117740	4.967619
1.118278	4.930357
1.118817	4.941548
1.119356	5.025000
1.119895	5.010238
1.120436	4.939167
1.120976	4.792381
1.121518	4.671310
1.122059	4.694524
1.122602	4.772381
1.123145	4.879048
1.123689	4.921667
1.124233	4.926071
1.124778	4.977381
1.125323	4.982976
1.125869	4.996071
1.126416	4.993095
1.126963	4.891905
1.127511	4.919881
1.128059	4.805595
1.128608	4.865119
1.129157	4.783095
1.129707	4.749524
1.130258	4.858095
1.130810	4.785357
1.131361	4.726190
1.131914	4.674643
1.132467	4.849524
1.133021	4.878810
1.133575	4.904167
1.134130	4.804881
1.134685	4.838095
1.135241	4.872143
1.135798	4.819643
1.136355	4.858333
1.136913	4.748095
1.137472	4.731071
1.138031	4.679881
1.138591	4.835476
1.139151	4.851429
1.139712	5.031429
1.140274	5.041190
1.140836	4.996667
1.141399	4.946548
1.141962	4.767738
1.142526	4.804405
1.143091	4.839405
1.143656	4.947262
1.144222	4.873452
1.144788	4.914762
1.145355	4.939881
1.145923	5.030952
1.146491	4.919762
1.147060	4.930595
1.147630	5.073929
1.148200	4.973214
1.148771	4.982738
1.149342	4.950595
1.149914	4.929286
1.150487	4.820119
1.151061	4.690119
1.151635	4.649167
1.152209	4.535714
1.152784	4.619643
1.153360	4.636548
1.153937	4.769524
1.154514	4.891071
1.155092	4.771548
1.155670	4.773929
1.156249	4.751905
1.156829	4.711190
1.157409	4.652143
1.157990	4.602262
1.158572	4.734643
1.159154	4.659048
1.159737	4.532143
1.160321	4.708690
1.160905	4.805714
1.161490	4.812024
1.162075	4.916190
1.162661	4.919167
1.163248	5.003810
1.163836	4.944643
1.164424	5.006786
1.165013	5.027738
1.165602	5.096429
1.166192	5.051667
1.166783	4.951310
1.167374	5.013929
1.167966	5.064405
1.168559	5.199167
1.169152	5.174762
1.169746	5.270000
1.170341	5.324524
1.170936	5.247143
1.171532	5.266429
1.172129	5.385000
1.172727	5.271548
1.173325	5.260357
1.173923	5.345476
1.174523	5.255357
1.175123	5.236429
1.175723	5.311905
1.176325	5.326429
1.176927	5.454048
1.177530	5.474405
1.178133	5.400238
1.178737	5.407262
1.179342	5.450000
1.179948	5.448929
1.180554	5.353690
1.181161	5.211190
1.181768	5.330714
1.182376	5.195714
1.182985	5.316071
1.183595	5.267500
1.184205	5.300000
1.184816	5.176310
1.185428	5.055119
1.186040	5.045714
1.186653	4.931310
1.187267	5.052024
1.187881	5.059881
1.188497	4.995952
1.189112	5.086786
1.189729	4.959286
1.190346	4.898095
1.190964	5.014167
1.191583	5.068810
1.192202	5.205000
1.192822	5.241190
1.193443	5.298333
1.194064	5.277738
1.194687	5.228810
1.195310	5.265833
1.195933	5.133571
1.196557	5.166190
1.197183	5.213929
1.197808	5.199524
1.198435	5.420357
1.199062	5.433095
1.199690	5.510238
1.200318	5.322381
1.200948	5.237024
1.201578	5.254524
1.202209	5.121548
1.202840	5.159286
1.203472	5.134167
1.204105	5.041310
1.204739	5.037024
1.205374	4.835357
1.206009	4.799405
1.206645	4.768333
1.207281	4.842262
1.207919	4.789405
1.208557	4.804048
1.209195	4.837024
1.209835	4.951905
1.210475	4.836667
1.211116	4.883095
1.211758	4.732619
1.212401	4.637619
1.213044	4.614881
1.213688	4.671905
1.214333	4.814643
1.214978	4.725357
1.215625	4.800714
1.216272	4.875595
1.216919	4.880952
1.217568	4.914524
1.218217	4.843571
1.218867	4.803810
1.219518	4.710595
1.220170	4.705119
1.220822	4.634881
1.221475	4.730476
1.222129	4.790714
1.222784	4.790119
1.223439	4.697976
1.224095	4.675595
1.224752	4.709643
1.225410	4.763571
1.226068	4.871310
1.226727	4.844881
1.227387	4.842619
1.228048	4.691310
1.228710	4.647976
1.229372	4.598929
1.230035	4.586786
1.230699	4.602619
1.231364	4.616905
1.232029	4.584881
1.232695	4.615595
1.233362	4.678095
1.234030	4.731786
1.234699	4.843690
1.235368	4.814286
1.236038	4.810476
1.236709	4.670952
1.237381	4.701310
1.238054	4.741429
1.238727	4.789524
1.239401	4.635714
1.240076	4.455119
1.240752	4.494643
1.241428	4.477500
1.242106	4.502976
1.242784	4.541905
1.243463	4.581667
1.244143	4.555357
1.244823	4.609405
1.245504	4.509405
1.246187	4.567857
1.246870	4.667381
1.247554	4.702738
1.248238	4.606667
1.248924	4.579881
1.249610	4.589524
1.250297	4.510952
1.250985	4.698810
1.251674	4.617262
1.252363	4.670238
1.253054	4.603095
1.253745	4.753452
1.254437	4.813214
1.255130	4.905476
1.255823	4.898452
1.256518	4.952024
1.257213	5.055357
1.257910	4.989048
1.258607	4.974524
1.259305	4.899286
1.260003	5.059762
1.260703	5.153571
1.261403	5.079881
1.262105	5.242500
1.262807	5.365833
1.263510	5.362976
1.264213	5.319167
1.264918	5.323810
1.265624	5.335357
1.266330	5.340714
1.267037	5.209286
1.267745	5.199643
1.268454	5.115714
1.269164	5.182738
1.269875	5.037976
1.270586	5.039524
1.271299	5.061429
1.272012	5.012857
1.272726	5.136667
1.273441	5.148452
1.274157	5.222024
1.274874	5.119405
1.275591	4.902262
1.276310	4.890357
1.277029	4.722500
1.277749	4.673690
1.278470	4.550119
1.279193	4.639286
1.279915	4.641667
1.280639	4.402857
1.281364	4.446071
1.282089	4.609167
1.282816	4.633333
1.283543	4.723810
1.284271	4.580119
1.285001	4.524286
1.285731	4.610833
1.286461	4.546786
1.287193	4.519167
1.287926	4.485952
1.288660	4.449167
1.289394	4.445119
1.290130	4.544524
1.290866	4.634881
1.291603	4.721190
1.292341	4.646548
1.293080	4.649286
1.293820	4.729167
1.294561	4.688333
1.295303	4.776310
1.296046	4.923095
1.296790	4.885357
1.297534	4.800357
1.298280	4.778810
1.299026	4.734405
1.299773	4.885000
1.300522	4.972976
1.301271	4.884167
1.302021	4.784286
1.302772	4.750952
1.303524	4.672024
1.304277	4.721310
1.305031	4.676071
1.305786	4.661429
1.306542	4.646548
1.307298	4.543333
1.308056	4.591548
1.308815	4.633452
1.309574	4.588214
1.310335	4.558452
1.311096	4.420000
1.311859	4.419167
1.312622	4.451429
1.313387	4.548571
1.314152	4.623810
1.314918	4.590238
1.315685	4.572024
1.316454	4.517024
1.317223	4.547143
1.317993	4.677619
1.318764	4.661786
1.319536	4.631310
1.320309	4.547262
1.321083	4.531310
1.321858	4.414881
1.322634	4.516429
1.323411	4.478333
1.324189	4.560952
1.324968	4.430000
1.325748	4.523929
1.326529	4.517857
1.327311	4.519643
1.328094	4.551190
1.328878	4.554643
1.329663	4.357143
1.330449	4.332619
1.331236	4.359048
1.332024	4.346190
1.332813	4.435476
1.333603	4.467381
1.334394	4.497619
1.335186	4.690833
1.335978	4.772262
1.336772	4.847381
1.337567	4.876071
1.338363	4.918095
1.339160	4.922500
1.339959	4.962381
1.340758	5.010357
1.341558	5.250238
1.342359	5.057857
1.343161	4.955357
1.343964	5.034048
1.344768	5.145714
1.345574	5.232381
1.346380	5.344762
1.347187	5.342500
1.347996	5.406190
1.348805	5.467500
1.349616	5.377024
1.350427	5.395476
1.351240	5.442738
1.352053	5.283452
1.352868	5.224524
1.353684	5.149643
1.354501	5.119881
1.355318	5.173690
1.356137	5.087857
1.356957	5.100595
1.357778	5.013333
1.358600	4.936429
1.359424	4.906905
1.360248	5.009286
1.361073	4.980357
1.361900	4.862619
1.362727	4.704762
1.363556	4.679286
1.364385	4.604524
1.365216	4.712619
1.366048	4.774286
1.366881	4.822143
1.367715	4.820119
1.368550	4.736190
1.369386	4.822024
1.370223	4.933810
1.371061	5.007857
1.371901	5.041429
1.372742	5.013452
1.373583	5.089286
1.374426	5.170357
1.375270	5.133810
1.376115	5.031310
1.376961	5.232024
1.377808	5.264881
1.378657	5.274881
1.379506	5.327262
1.380357	5.431786
1.381208	5.351071
1.382061	5.282619
1.382915	5.157500
1.383770	5.216548
1.384627	5.198095
1.385484	5.207262
1.386342	5.237024
1.387202	5.274286
1.388063	5.217024
1.388925	5.271667
1.389788	5.181905
1.390652	5.191429
1.391518	5.162381
1.392384	5.098571
1.393252	5.125238
1.394121	5.189881
1.394991	5.116190
1.395862	5.043214
1.396734	5.119167
1.397608	5.041310
1.398482	5.027857
1.399358	5.206667
1.400235	5.320952
1.401113	5.351310
1.401993	5.222024
1.402873	5.176310
1.403755	5.224643
1.404638	5.190714
1.405522	5.291667
1.406408	5.342262
1.407294	5.304167
1.408182	5.414405
1.409071	5.332976
1.409961	5.306905
1.410852	5.282738
1.411745	5.310119
1.412638	5.216905
1.413533	5.251071
1.414429	5.311071
1.415327	5.316667
1.416225	5.399762
1.417125	5.461071
1.418026	5.472976
1.418928	5.460357
1.419832	5.466429
1.420736	5.589643
1.421642	5.683214
1.422549	5.653333
1.423458	5.763333
1.424368	5.684762
1.425278	5.712500
1.426190	5.585119
1.427104	5.612381
1.428018	5.612738
1.428934	5.691905
1.429851	5.683690
1.430770	5.754762
1.431689	5.862738
1.432610	5.935595
1.433533	5.961786
1.434456	5.955952
1.435381	5.850119
1.436307	5.766190
1.437234	5.801310
1.438162	5.820833
1.439092	5.680000
1.440023	5.599762
1.440956	5.567143
1.441889	5.609405
1.442824	5.495000
1.443761	5.434405
1.444698	5.388095
1.445637	5.569762
1.446577	5.545357
1.447518	5.718810
1.448461	5.610119
1.449405	5.661667
1.450351	5.583571
1.451297	5.630000
1.452245	5.545952
1.453195	5.558929
1.454145	5.585476
1.455097	5.683929
1.456051	5.707619
1.457005	5.672738
1.457961	5.738690
1.458918	5.957738
1.459877	5.832976
1.460837	5.860000
1.461798	5.799762
1.462761	5.862738
1.463725	5.881905
1.464690	5.849286
1.465657	5.742381
1.466625	5.669286
1.467595	5.599881
1.468566	5.687143
1.469538	5.737143
1.470511	5.804762
1.471486	5.653571
1.472462	5.568929
1.473440	5.561667
1.474419	5.468333
1.475400	5.300595
1.476381	5.219286
1.477365	5.214881
1.478349	5.152500
1.479335	5.096310
1.480323	5.381548
1.481312	5.223333
1.482302	5.244524
1.483293	5.145000
1.484286	5.167738
1.485281	5.107619
1.486277	5.165476
1.487274	5.224048
1.488273	5.265476
1.489273	5.276190
1.490274	5.186905
1.491277	5.064286
1.492282	5.113929
1.493288	5.220476
1.494295	5.189286
1.495304	5.250119
1.496314	5.341905
1.497325	5.367500
1.498339	5.363690
1.499353	5.265000
1.500369	5.372381
1.501387	5.189405
1.502406	5.467262
1.503426	5.357262
1.504448	5.457857
1.505471	5.365476
1.506496	5.429167
1.507522	5.416190
1.508550	5.421905
1.509579	5.401667
1.510610	5.352619
1.511642	5.491667
1.512676	5.577857
1.513711	5.634048
1.514748	5.615476
1.515787	5.457143
1.516826	5.364286
1.517868	5.347738
1.518910	5.403095
1.519955	5.412143
1.521001	5.413810
1.522048	5.201905
1.523097	5.237500
1.524147	5.039881
1.525199	5.116905
1.526253	5.098929
1.527308	5.085476
1.528364	5.177738
1.529423	5.086667
1.530482	5.077381
1.531544	5.087262
1.532606	5.136310
1.533671	5.101905
1.534737	5.121786
1.535804	4.989167
1.536873	4.932619
1.537944	5.109167
1.539016	5.148214
1.540090	5.158095
1.541166	5.067024
1.542243	5.051786
1.543321	5.109048
1.544401	5.131190
1.545483	4.974643
1.546567	5.104524
1.547652	5.142857
1.548738	5.098214
1.549827	5.161548
1.550916	5.017024
1.552008	5.068690
1.553101	5.036905
1.554196	4.937500
1.555292	4.828571
1.556390	4.776905
1.557490	4.829643
1.558591	4.865357
1.559694	4.936548
1.560799	4.983929
1.561905	4.925476
1.563013	4.720476
1.564122	4.775119
1.565234	4.806548
1.566347	4.802262
1.567461	4.829881
1.568577	4.959048
1.569695	4.929524
1.570815	4.948214
1.571936	4.916429
1.573059	4.880357
1.574184	4.948452
1.575310	4.911667
1.576438	4.821429
1.577568	4.909524
1.578700	4.843214
1.579833	4.808690
1.580968	4.728333
1.582105	4.712619
1.583243	4.625357
1.584383	4.539286
1.585525	4.621548
1.586669	4.823810
1.587814	4.847262
1.588961	4.728333
1.590110	4.752143
1.591260	4.741786
1.592413	4.722976
1.593567	4.611548
1.594723	4.475238
1.595880	4.591429
1.597040	4.539405
1.598201	4.596190
1.599364	4.517738
1.600529	4.633929
1.601695	4.532262
1.602864	4.701429
1.604034	4.711548
1.605206	4.643690
1.606380	4.649286
1.607555	4.854048
1.608733	4.909048
1.609912	4.902381
1.611093	4.913571
1.612276	4.860119
1.613460	4.984762
1.614647	5.133929
1.615835	5.115357
1.617025	5.006548
1.618218	5.065833
1.619411	5.173214
1.620607	5.063810
1.621805	5.103810
1.623004	5.050238
1.624206	5.190476
1.625409	5.235238
1.626614	5.268214
1.627821	5.171190
1.629030	5.175595
1.630241	5.295238
1.631453	5.351310
1.632668	5.167738
1.633884	5.160357
1.635103	5.200952
1.636323	5.223452
1.637545	5.224167
1.638769	5.163333
1.639996	4.951310
1.641224	4.857024
1.642453	4.892024
1.643685	4.924643
1.644919	4.863333
1.646155	4.952619
1.647393	5.019286
1.648632	4.968690
1.649874	4.987262
1.651118	5.030238
1.652363	5.055833
1.653611	5.151786
1.654860	5.186429
1.656112	5.176310
1.657365	5.233571
1.658621	5.263810
1.659878	5.155952
1.661138	5.175000
1.662399	5.183929
1.663663	5.167024
1.664929	5.087262
1.666196	5.183214
1.667466	5.311429
1.668737	5.485238
1.670011	5.339881
1.671287	5.375357
1.672565	5.234881
1.673845	5.230714
1.675126	5.186905
1.676410	5.133214
1.677696	5.040238
1.678985	5.123095
1.680275	5.116905
1.681567	5.118214
1.682861	5.130952
1.684158	5.014881
1.685456	5.023810
1.686757	5.090952
1.688060	5.041905
1.689365	5.038095
1.690672	5.071190
1.691981	5.128571
1.693292	5.078095
1.694605	5.045119
1.695921	4.967262
1.697239	5.089643
1.698558	5.199286
1.699880	5.311071
1.701205	5.289405
1.702531	5.482024
1.703859	5.409762
1.705190	5.508810
1.706523	5.389405
1.707858	5.363095
1.709195	5.277024
1.710534	5.241071
1.711876	5.294762
1.713220	5.369405
1.714566	5.451667
1.715914	5.331905
1.717264	5.416905
1.718617	5.370714
1.719972	5.349524
1.721329	5.379048
1.722689	5.438095
1.724050	5.220000
1.725414	5.239524
1.726780	5.259048
1.728149	5.211548
1.729520	5.112976
1.730893	5.094643
1.732268	5.117024
1.733645	5.025000
1.735025	5.110714
1.736408	5.070952
1.737792	5.148095
1.739179	5.071429
1.740568	5.114167
1.741959	5.062381
1.743353	5.016071
1.744749	5.097143
1.746148	5.003333
1.747549	5.071905
1.748952	5.135238
1.750357	5.039524
1.751765	5.014286
1.753175	5.197381
1.754588	5.194048
1.756003	5.075952
1.757420	5.205476
1.758840	5.336667
1.760262	5.249048
1.761687	5.326190
1.763114	5.376071
1.764543	5.357500
1.765975	5.417738
1.767410	5.360952
1.768846	5.490119
1.770286	5.440833
1.771727	5.451429
1.773171	5.515595
1.774618	5.592976
1.776067	5.628214
1.777518	5.705119
1.778972	5.711429
1.780429	5.843214
1.781888	5.738214
1.783349	5.757619
1.784813	5.692500
1.786280	5.731310
1.787749	5.639762
1.789220	5.590119
1.790694	5.577500
1.792171	5.554048
1.793650	5.657262
1.795132	5.641548
1.796616	5.635952
1.798103	5.632738
1.799592	5.615476
1.801084	5.622262
1.802579	5.758095
1.804076	5.625476
1.805576	5.524762
1.807078	5.460595
1.808583	5.404048
1.810090	5.362024
1.811601	5.335238
1.813114	5.499643
1.814629	5.523571
1.816147	5.613810
1.817668	5.570238
1.819191	5.598214
1.820717	5.599524
1.822246	5.574881
1.823778	5.535714
1.825312	5.285476
1.826849	5.325952
1.828388	5.342738
1.829930	5.470000
1.831475	5.412738
1.833023	5.423810
1.834574	5.347857
1.836127	5.495476
1.837683	5.577619
1.839241	5.638452
1.840803	5.608571
1.842367	5.630952
1.843934	5.708929
1.845504	5.652262
1.847076	5.548810
1.848651	5.554762
1.850230	5.580833
1.851810	5.584167
1.853394	5.667857
1.854981	5.725357
1.856570	5.867262
1.858162	6.052500
1.859758	6.116548
1.861356	6.053333
1.862956	6.151786
1.864560	6.221310
1.866167	6.211667
1.867776	6.134048
1.869388	6.160833
1.871004	6.123690
1.872622	6.113333
1.874243	6.227500
1.875867	6.313214
1.877494	6.239286
1.879124	6.256667
1.880756	6.441310
1.882392	6.538333
1.884031	6.543690
1.885673	6.709286
1.887317	6.873333
1.888965	6.998929
1.890616	6.909643
1.892269	6.954881
1.893926	7.017976
1.895586	7.166667
1.897249	7.149762
1.898914	7.286667
1.900583	7.426548
1.902255	7.735714
1.903930	7.919167
1.905608	8.230238
1.907289	8.442143
1.908973	8.659167
1.910661	8.907738
1.912351	9.275595
1.914045	9.660357
1.915741	9.967143
1.917441	10.255238
1.919144	10.859881
1.920850	11.240238
1.922559	11.705833
1.924271	12.266548
1.925987	12.995595
1.927706	13.613690
1.929428	14.336310
1.931153	15.227619
1.932881	16.122381
1.934613	17.162857
1.936347	18.357262
1.938085	19.512619
1.939826	20.891190
1.941571	22.401786
1.943319	24.170357
1.945070	26.189524
1.946824	28.306429
1.948582	30.730357
1.950343	33.489286
1.952107	36.405595
1.953874	39.790476
1.955645	43.454167
1.957419	47.726905
1.959197	52.304286
1.960978	57.364643
1.962762	63.242500
1.964550	69.758810
1.966341	76.934048
1.968135	84.884762
1.969933	93.619881
1.971734	103.460833
1.973539	114.426071
1.975347	126.851786
1.977158	140.891071
1.978973	156.873929
1.980792	175.475476
1.982614	196.369643
1.984439	220.601786
1.986268	248.052738
1.988100	279.437381
1.989936	315.131071
1.991775	355.552024
1.993618	401.376786
1.995465	452.773452
1.997315	509.855714
1.999168	573.023214
2.001025	642.213810
2.002886	716.910238
2.004751	796.530833
2.006618	880.850833
2.008490	970.297024
2.010365	1064.075595
2.012244	1160.881786
2.014126	1261.773929
2.016012	1365.033810
2.017902	1470.777381
2.019796	1577.146429
2.021693	1683.758452
2.023594	1789.068929
2.025498	1892.726310
2.027406	1993.152500
2.029318	2089.798571
2.031234	2181.342619
2.033153	2266.312381
2.035077	2344.589762
2.037004	2414.451310
2.038934	2475.834405
2.040869	2527.504167
2.042807	2569.265238
2.044749	2600.847024
2.046696	2622.509048
2.048645	2633.723571
2.050599	2634.244167
2.052557	2624.922976
2.054518	2604.788929
2.056483	2574.759762
2.058453	2535.541190
2.060426	2487.873571
2.062403	2432.753929
2.064384	2370.520714
2.066369	2302.388571
2.068358	2229.292500
2.070350	2151.485357
2.072347	2069.860833
2.074348	1985.535476
2.076353	1898.320952
2.078362	1810.336071
2.080375	1721.804048
2.082392	1633.691667
2.084412	1546.595833
2.086438	1462.106071
2.088467	1380.072500
2.090500	1300.315952
2.092537	1223.816071
2.094578	1151.087381
2.096624	1082.003810
2.098674	1017.039405
2.100727	955.316071
2.102785	897.324405
2.104847	842.854524
2.106914	792.010595
2.108984	744.345833
2.111059	699.557381
2.113138	657.701429
2.115221	618.564167
2.117308	581.989524
2.119400	548.212738
2.121496	516.826429
2.123596	486.991310
2.125701	458.804643
2.127810	432.890000
2.129923	408.409762
2.132041	385.126310
2.134162	363.492143
2.136289	343.236548
2.138419	324.284048
2.140554	306.258929
2.142694	289.402024
2.144838	273.395357
2.146986	258.479167
2.149139	244.282500
2.151296	231.070952
2.153458	218.312143
2.155624	206.237619
2.157795	194.789524
2.159970	184.146310
2.162150	174.099405
2.164334	164.392143
2.166523	155.333214
2.168716	146.872619
2.170914	138.843095
2.173117	131.283095
2.175324	123.863810
2.177536	116.851548
2.179753	110.134167
2.181974	103.773333
2.184200	97.797024
2.186430	92.241429
2.188665	86.945714
2.190905	82.142381
2.193150	77.441190
2.195400	72.920595
2.197654	68.600119
2.199913	64.555595
2.202177	60.781667
2.204445	57.255238
2.206719	53.852738
2.208997	50.691667
2.211280	47.798810
2.213568	44.706071
2.215861	41.974643
2.218159	39.523214
2.220462	37.032024
2.222769	34.742381
2.225082	32.704405
2.227400	30.875595
2.229722	29.136667
2.232050	27.339167
2.234382	25.805238
2.236720	24.288214
2.239063	22.778452
2.241410	21.432262
2.243763	20.213929
2.246121	19.104643
2.248484	18.008214
2.250852	16.965833
2.253225	16.215000
2.255604	15.467381
2.257987	14.740000
2.260376	13.981667
2.262770	13.441190
2.265170	12.792262
2.267574	12.163810
2.269984	11.640476
2.272399	11.147857
2.274819	10.740833
2.277245	10.340357
2.279676	9.975119
2.282112	9.779643
2.284554	9.448095
2.287001	9.263333
2.289454	9.117262
2.291912	8.864881
2.294375	8.610714
2.296844	8.466429
2.299318	8.374762
2.301798	8.339881
2.304283	8.035833
2.306774	7.752262
2.309271	7.545238
2.311773	7.400000
2.314280	7.303690
2.316793	7.191190
2.319312	7.262143
2.321837	7.198929
2.324367	7.097143
2.326902	7.011786
2.329444	6.967738
2.331991	6.827143
2.334544	6.680595
2.337103	6.662619
2.339667	6.521310
2.342237	6.424048
2.344813	6.307500
2.347395	6.271310
2.349983	6.240238
2.352577	6.058571
2.355176	5.939286
2.357782	5.906667
2.360393	6.004762
2.363010	6.080000
2.365634	6.016071
2.368263	5.905833
2.370898	5.939881
2.373540	5.762976
2.376187	5.726310
2.378841	5.751905
2.381500	5.652500
2.384166	5.711786
2.386838	5.735119
2.389516	5.702024
2.392200	5.659286
2.394890	5.688810
2.397587	5.751548
2.400290	5.748452
2.402999	5.722619
2.405714	5.679286
2.408436	5.762024
2.411164	5.648929
2.413899	5.576786
2.416639	5.506548
2.419387	5.426071
2.422140	5.569167
2.424900	5.732262
2.427667	5.808690
2.430440	5.963690
2.433219	5.881429
2.436006	5.886190
2.438798	5.965000
2.441597	5.747500
2.444403	5.745833
2.447216	5.915714
2.450035	5.894286
2.452861	5.967619
2.455693	5.877024
2.458532	6.021786
2.461378	6.108333
2.464231	5.924405
2.467090	5.801190
2.469957	5.889167
2.472830	5.977500
2.475710	6.049524
2.478597	5.930000
2.481491	5.911905
2.484392	5.771786
2.487299	5.575357
2.490214	5.469167
2.493136	5.549048
2.496065	5.488810
2.499001	5.397619
2.501944	5.597976
2.504894	5.560952
2.507851	5.426190
2.510816	5.440357
2.513787	5.383214
2.516766	5.435833
2.519752	5.328214
2.522745	5.216548
2.525746	5.401310
2.528754	5.464524
2.531769	5.533095
2.534792	5.554643
2.537822	5.460833
2.540860	5.512857
2.543905	5.519524
2.546958	5.433333
2.550018	5.615476
2.553085	5.480952
2.556160	5.410000
2.559243	5.475595
2.562334	5.504405
2.565432	5.395357
2.568537	5.409881
2.571651	5.470119
2.574772	5.478214
2.577901	5.549286
2.581038	5.615119
2.584182	5.675119
2.587335	5.670595
2.590495	5.664762
2.593664	5.754048
2.596840	5.599762
2.600024	5.683929
2.603216	5.732024
2.606416	5.785714
2.609625	5.721071
2.612841	5.793333
2.616066	5.653452
2.619298	5.804881
2.622539	5.923095
2.625789	5.933690
2.629046	5.908929
2.632312	5.895000
2.635586	5.954881
2.638868	5.890952
2.642159	5.896310
2.645458	5.907857
2.648765	5.809643
2.652081	5.839524
2.655406	5.896786
2.658739	5.806786
2.662081	5.770833
2.665431	5.965476
2.668790	5.881190
2.672157	5.891786
2.675534	5.922381
2.678919	6.008095
2.682313	6.160476
2.685715	6.117500
2.689127	6.124762
2.692547	6.132738
2.695976	6.183214
2.699415	6.332738
2.702862	6.442143
2.706318	6.389405
2.709783	6.530952
2.713258	6.543214
2.716741	6.507738
2.720234	6.501071
2.723736	6.506071
2.727247	6.545476
2.730767	6.616548
2.734297	6.701190
2.737836	6.558810
2.741384	6.700000
2.744942	6.853690
2.748509	6.933452
2.752086	6.997381
2.755672	7.033214
2.759268	7.205952
2.762873	7.187381
2.766488	7.204405
2.770113	7.250000
2.773748	7.233690
2.777392	7.185833
2.781046	7.328690
2.784710	7.322143
2.788383	7.375714
2.792067	7.505595
2.795761	7.613214
2.799464	7.640952
2.803178	7.767143
2.806902	7.840952
2.810636	7.804405
2.814380	7.971310
2.818134	7.919048
2.821898	7.962381
2.825673	7.922738
2.829458	7.921667
2.833254	8.017619
2.837059	8.003810
2.840876	8.145119
2.844703	8.237381
2.848540	8.253452
2.852388	8.250119
2.856247	8.352143
2.860116	8.303333
2.863996	8.278690
2.867886	8.499643
2.871788	8.506310
2.875700	8.493571
2.879624	8.481548
2.883558	8.419167
2.887503	8.597024
2.891459	8.776429
2.895427	8.805833
2.899405	8.787976
2.903395	8.714048
2.907396	8.768095
2.911408	8.911905
2.915431	8.730476
2.919466	8.840238
2.923512	9.009643
2.927570	9.009286
2.931639	8.980714
2.935720	9.232024
2.939812	9.226786
2.943916	9.292143
2.948032	9.392381
2.952160	9.244286
2.956299	9.163571
2.960450	9.257381
2.964613	9.303214
2.968788	9.241071
2.972975	9.139167
2.977174	9.050119
2.981385	9.118333
2.985609	9.138095
2.989844	9.155000
2.994092	9.127857
2.998352	8.982262
3.002625	9.036071
3.006910	9.015000
3.011207	8.783452
3.015517	8.767500
3.019840	8.773095
3.024175	8.500357
3.028523	8.544048
3.032884	8.536905
3.037257	8.492500
3.041644	8.456071
3.046043	8.427024
3.050455	8.391071
3.054881	8.322262
3.059319	8.284405
3.063771	8.122500
3.068236	7.998452
3.072714	7.730714
3.077205	7.651667
3.081710	7.452619
3.086229	7.387262
3.090760	7.258333
3.095306	7.234286
3.099865	7.122024
3.104438	7.095714
3.109024	7.010595
3.113625	6.943810
3.118239	6.931667
3.122867	6.751905
3.127509	6.585833
3.132166	6.586905
3.136836	6.484643
3.141521	6.349167
3.146220	6.235238
3.150933	6.135000
3.155660	6.149524
3.160403	6.137976
3.165159	6.110833
3.169930	6.189405
3.174716	6.160238
3.179517	6.219048
3.184332	6.114762
3.189163	6.094762
3.194008	5.945238
3.198868	5.960000
3.203744	5.929643
3.208634	5.785476
3.213540	5.747619
3.218461	5.741905
3.223397	5.829048
3.228349	5.977738
3.233316	5.894048
3.238299	5.893095
3.243298	5.837024
3.248312	5.807262
3.253342	5.696905
3.258388	5.611667
3.263450	5.615000
3.268528	5.522143
3.273622	5.415952
3.278732	5.379286
3.283858	5.472738
3.289001	5.507976
3.294160	5.437500
3.299336	5.547738
3.304528	5.502262
3.309737	5.493929
3.314962	5.535119
3.320205	5.388690
3.325464	5.372500
3.330740	5.200476
3.336034	5.005833
3.341344	4.845595
3.346672	4.816429
3.352017	4.913214
3.357379	4.783333
3.362759	4.752143
3.368156	4.782976
3.373571	4.700119
3.379004	4.827976
3.384454	4.881786
3.389923	4.930357
3.395409	4.794643
3.400914	4.773690
3.406437	4.789405
3.411977	4.747262
3.417537	4.697619
3.423114	4.675000
3.428711	4.718571
3.434326	4.770833
3.439959	4.712738
3.445612	4.730833
3.451283	4.785952
3.456973	4.820476
3.462683	4.758095
3.468411	4.715476
3.474159	4.821548
3.479926	4.821071
3.485713	4.822857
3.491519	4.977619
3.497346	5.010833
3.503191	4.949048
3.509057	4.911786
3.514943	4.879524
3.520848	4.909881
3.526774	4.886190
3.532721	4.830119
3.538687	4.854048
3.544674	4.791786
3.550682	4.839286
3.556710	4.937262
3.562760	4.907976
3.568830	4.962381
3.574921	5.041310
3.581033	5.103571
3.587167	5.200119
3.593322	5.217381
3.599498	5.135238
3.605696	5.382500
3.611916	5.454286
3.618158	5.259048
3.624421	5.278095
3.630707	5.356786
3.637015	5.440952
3.643344	5.471429
3.649697	5.430238
3.656072	5.490000
3.662469	5.485119
3.668890	5.384762
3.675333	5.487500
3.681799	5.408214
3.688288	5.331310
3.694801	5.379643
3.701337	5.462143
3.707896	5.306786
3.714479	5.209524
3.721086	5.116786
3.727717	5.042024
3.734371	5.150595
3.741050	4.942262
3.747753	4.894048
3.754481	5.099643
3.761233	5.005595
3.768010	4.973929
3.774811	4.825357
3.781638	4.886786
3.788489	4.939643
3.795366	4.862381
3.802268	4.879881
3.809196	5.007976
3.816149	4.999048
3.823128	5.027976
3.830133	5.132143
3.837164	5.078095
3.844221	4.998571
3.851305	4.974643
3.858415	5.038690
3.865552	5.103452
3.872716	5.176786
3.879906	5.161905
3.887124	5.305833
3.894369	5.309286
3.901641	5.221786
3.908941	5.204762
3.916269	5.293452
3.923625	5.385595
3.931008	5.364881
3.938420	5.275238
3.945860	5.401667
3.953329	5.415238
3.960827	5.314643
3.968353	5.327976
3.975908	5.274048
3.983493	5.153571
3.991107	5.265476
3.998750	5.230952
4.006423	5.402738
4.014127	5.444762
4.021860	5.405476
4.029623	5.513929
4.037417	5.447976
4.045241	5.459167
4.053096	5.354048
4.060983	5.303095
4.068900	5.298690
4.076848	5.193214
4.084829	5.155952
4.092840	5.161190
4.100884	5.232500
4.108960	5.234643
4.117068	5.208214
4.125208	5.367857
4.133381	5.289405
4.141587	5.283929
4.149826	5.337857
4.158099	5.228810
4.166404	5.259048
4.174744	5.188095
4.183117	5.188810
4.191524	5.241429
4.199966	5.113571
4.208442	5.219167
4.216953	5.145952
4.225498	5.273095
4.234079	5.336667
4.242695	5.237500
4.251347	5.321786
4.260035	5.427857
4.268758	5.543452
4.277518	5.524286
4.286314	5.532976
4.295147	5.604167
4.304017	5.500476
4.312923	5.623095
4.321868	5.635952
4.330850	5.653452
4.339869	5.749048
4.348927	5.776786
4.358023	5.767857
4.367158	5.704048
4.376331	5.673214
4.385544	5.731429
4.394796	5.668333
4.404087	5.656548
4.413419	5.621667
4.422790	5.552619
4.432202	5.761667
4.441654	5.703571
4.451147	5.722381
4.460681	5.611667
4.470257	5.677976
4.479874	5.640119
4.489533	5.713571
4.499235	5.686667
4.508979	5.522024
4.518765	5.507500
4.528595	5.517738
4.538468	5.385119
4.548385	5.350357
4.558345	5.394167
4.568350	5.448095
4.578399	5.395595
4.588494	5.328571
4.598633	5.382143
4.608817	5.355595
4.619047	5.409643
4.629324	5.475000
4.639646	5.367738
4.650015	5.401667
4.660431	5.370714
4.670895	5.293452
4.681406	5.182857
4.691965	5.119762
4.702572	4.899167
4.713227	4.875714
4.723932	4.933929
4.734686	4.940238
4.745489	4.843810
4.756342	4.849643
4.767246	4.912976
4.778200	4.894643
4.789205	4.921190
4.800262	4.853810
4.811370	4.773095
4.822530	4.692500
4.833743	4.759524
4.845008	4.684643
4.856327	4.687024
4.867699	4.783333
4.879125	4.875714
4.890605	4.824286
4.902140	4.891667
4.913730	4.968214
4.925376	5.021190
4.937077	5.152381
4.948835	5.182619
4.960649	5.216667
4.972521	5.272381
4.984450	5.244167
4.996437	5.354286
5.008482	5.277262
5.020586	5.187024
5.032749	5.126190
5.044972	5.231190
5.057255	5.356905
5.069599	5.399881
5.082003	5.398333
5.094469	5.380714
5.106997	5.336548
5.119587	5.273690
5.132240	4.954048
5.144956	5.088095
5.157736	5.113333
5.170580	5.169048
5.183489	5.194524
5.196463	5.098333
5.209503	5.110000
5.222609	5.088690
5.235782	5.075000
5.249022	5.209286
5.262329	5.183214
5.275705	5.195952
5.289150	5.276905
5.302664	5.326190
5.316248	5.353095
5.329902	5.257738
5.343627	5.202976
5.357424	5.333571
5.371293	5.435119
5.385234	5.353214
5.399249	5.346786
5.413337	5.489881
5.427500	5.307976
5.441737	5.392857
5.456051	5.389286
5.470440	5.267262
5.484906	5.346905
5.499449	5.354762
5.514071	5.388214
5.528771	5.326667
5.543550	5.311429
5.558409	5.334167
5.573349	5.433690
5.588370	5.423810
5.603473	5.330357
5.618658	5.442619
5.633926	5.565476
5.649279	5.637262
5.664716	5.458333
5.680238	5.390000
5.695846	5.439048
5.711541	5.437024
5.727323	5.515476
5.743194	5.686310
5.759153	5.533571
5.775203	5.577262
5.791342	5.615476
5.807573	5.583929
5.823895	5.677024
5.840311	5.624524
5.856820	5.607143
5.873423	5.549643
5.890121	5.454524
5.906916	5.342262
5.923807	5.309167
5.940795	5.380000
5.957883	5.411667
5.975069	5.328333
5.992356	5.252143
6.009744	5.235357
6.027234	5.105000
6.044826	4.835000
6.062523	4.085000
6.080324	4.667500
6.098230	4.825000
6.116244	5.197500
6.134365	8.760000
6.152594	4.450000
6.170933	4.217500
6.189382	3.935000
6.207943	2.430000
