%% INTEG 5.0 AVG 100.0 SMOOTH 10
1.000060	7.420000
1.000479	9.765000
1.000898	8.340000
1.001318	10.157500
1.001738	9.125000
1.002158	7.042500
1.002579	11.487500
1.003000	9.240000
1.003422	9.265000
1.003844	9.196786
1.004266	9.202262
1.004689	9.250000
1.005112	9.269167
1.005536	9.338571
1.005960	9.442619
1.006384	9.423452
1.006809	9.613452
1.007235	9.392024
1.007660	9.434405
1.008086	9.388810
1.008513	9.435238
1.008940	9.474286
1.009367	9.524405
1.009795	9.415833
1.010223	9.522381
1.010652	9.496667
1.011081	9.554762
1.011510	9.642262
1.011940	9.676667
1.012370	9.539762
1.012801	9.636548
1.013232	9.681310
1.013664	9.865595
1.014095	9.855833
1.014528	9.923571
1.014960	9.861190
1.015394	9.839405
1.015827	9.831548
1.016261	9.952143
1.016696	10.037024
1.017131	10.073810
1.017566	10.015119
1.018001	10.097143
1.018438	10.070119
1.018874	10.192976
1.019311	10.155476
1.019748	10.163452
1.020186	10.298571
1.020625	10.305119
1.021063	10.300357
1.021502	10.325000
1.021942	10.282738
1.022382	10.407857
1.022822	10.240238
1.023263	10.162024
1.023704	10.105357
1.024146	10.150357
1.024588	10.249524
1.025031	10.253333
1.025474	10.310833
1.025917	10.300000
1.026361	10.362976
1.026805	10.456667
1.027250	10.407619
1.027695	10.327619
1.028141	10.273571
1.028587	10.238929
1.029033	10.400952
1.029480	10.242262
1.029927	10.211667
1.030375	10.172619
1.030823	10.265238
1.031272	10.302143
1.031721	10.232024
1.032171	10.352500
1.032621	10.454524
1.033071	10.503810
1.033522	10.393929
1.033973	10.399286
1.034425	10.315357
1.034877	10.258810
1.035330	10.295595
1.035783	10.239881
1.036237	10.230714
1.036691	10.326667
1.037145	10.388214
1.037600	10.459881
1.038055	10.513333
1.038511	10.522738
1.038967	10.571786
1.039424	10.658810
1.039881	10.738810
1.040339	10.796310
1.040797	10.760357
1.041255	10.869762
1.041714	10.909167
1.042174	11.020119
1.042634	11.089286
1.043094	11.116190
1.043555	11.190238
1.044016	11.284048
1.044478	11.379524
1.044940	11.314643
1.045403	11.315238
1.045866	11.291548
1.046329	11.215119
1.046793	11.231786
1.047258	11.254762
1.047723	11.346786
1.048188	11.268690
1.048654	11.374881
1.049121	11.425000
1.049588	11.520595
1.050055	11.495476
1.050523	11.591548
1.050991	11.490119
1.051460	11.475952
1.051929	11.343095
1.052398	11.325238
1.052869	11.393571
1.053339	11.359405
1.053810	11.476548
1.054282	11.456190
1.054754	11.606310
1.055226	11.853214
1.055699	11.980238
1.056173	12.014643
1.056647	12.171429
1.057121	12.293095
1.057596	12.351667
1.058071	12.414405
1.058547	12.433452
1.059023	12.493095
1.059500	12.502381
1.059978	12.497143
1.060455	12.459643
1.060934	12.445238
1.061412	12.511548
1.061892	12.590357
1.062371	12.516071
1.062851	12.554048
1.063332	12.666071
1.063813	12.637976
1.064295	12.738810
1.064777	12.614643
1.065260	12.580952
1.065743	12.599167
1.066227	12.688452
1.066711	12.767500
1.067195	12.704524
1.067680	12.628690
1.068166	12.649048
1.068652	12.558810
1.069139	12.502976
1.069626	12.483095
1.070113	12.550119
1.070601	12.661190
1.071090	12.728095
1.071579	12.726786
1.072069	12.783810
1.072559	12.928452
1.073049	12.913452
1.073540	12.970595
1.074032	13.061905
1.074524	13.138571
1.075017	13.225357
1.075510	13.318452
1.076003	13.387262
1.076498	13.488690
1.076992	13.496429
1.077487	13.664881
1.077983	13.779524
1.078479	13.854167
1.078976	14.027381
1.079473	14.169762
1.079971	14.287857
1.080469	14.519762
1.080968	14.711667
1.081467	14.867976
1.081967	15.111905
1.082467	15.242976
1.082968	15.405119
1.083469	15.579524
1.083971	15.579762
1.084473	15.722024
1.084976	15.973929
1.085479	16.217262
1.085983	16.357857
1.086488	16.531310
1.086993	16.661310
1.087498	16.828452
1.088004	16.859286
1.088511	17.010714
1.089018	17.203810
1.089525	17.469524
1.090033	17.559167
1.090542	17.788333
1.091051	17.883452
1.091561	17.934881
1.092071	18.043810
1.092582	18.069405
1.093093	18.293929
1.093605	18.427857
1.094117	18.513810
1.094630	18.698214
1.095144	18.690357
1.095658	18.646786
1.096172	18.698929
1.096687	18.658214
1.097203	18.707381
1.097719	18.780952
1.098236	18.857381
1.098753	19.043095
1.099271	19.071786
1.099789	19.095833
1.100308	19.182738
1.100827	19.279881
1.101347	19.318929
1.101868	19.456310
1.102389	19.557500
1.102910	19.760476
1.103432	19.915595
1.103955	20.074286
1.104478	20.169643
1.105002	20.316786
1.105526	20.655833
1.106051	20.978571
1.106577	21.189881
1.107103	21.449405
1.107629	21.676786
1.108156	21.826667
1.108684	21.998333
1.109212	22.115714
1.109741	22.242500
1.110270	22.534524
1.110800	22.632381
1.111331	22.567976
1.111862	22.607143
1.112393	22.633214
1.112925	22.543810
1.113458	22.548929
1.113991	22.608095
1.114525	22.442262
1.115060	22.233095
1.115595	22.198929
1.116130	22.167024
1.116666	21.902024
1.117203	21.617738
1.117740	21.465952
1.118278	21.153095
1.118817	20.965238
1.119356	20.713095
1.119895	20.407738
1.120436	20.071786
1.120976	19.725595
1.121518	19.277262
1.122059	19.065595
1.122602	18.735357
1.123145	18.500476
1.123689	18.222738
1.124233	17.863214
1.124778	17.481071
1.125323	17.022500
1.125869	16.857143
1.126416	16.653452
1.126963	16.358571
1.127511	16.021905
1.128059	15.698333
1.128608	15.484286
1.129157	15.116548
1.129707	14.885119
1.130258	14.716310
1.130810	14.345952
1.131361	14.156071
1.131914	14.134167
1.132467	13.910714
1.133021	13.719167
1.133575	13.560952
1.134130	13.446786
1.134685	13.381905
1.135241	13.260119
1.135798	13.132143
1.136355	13.162738
1.136913	13.106071
1.137472	12.955833
1.138031	12.891190
1.138591	12.818095
1.139151	12.798810
1.139712	12.723333
1.140274	12.655119
1.140836	12.545238
1.141399	12.416667
1.141962	12.302262
1.142526	12.406667
1.143091	12.334405
1.143656	12.212619
1.144222	12.160357
1.144788	12.218452
1.145355	12.097262
1.145923	12.086429
1.146491	11.940595
1.147060	11.900238
1.147630	11.990476
1.148200	11.808571
1.148771	11.705238
1.149342	11.669881
1.149914	11.538571
1.150487	11.394643
1.151061	11.311667
1.151635	11.278690
1.152209	11.156786
1.152784	11.199286
1.153360	11.265833
1.153937	11.233214
1.154514	11.227500
1.155092	11.201548
1.155670	11.194405
1.156249	11.257381
1.156829	11.257976
1.157409	11.254524
1.157990	11.222381
1.158572	11.219048
1.159154	11.201548
1.159737	11.098452
1.160321	11.196429
1.160905	11.142143
1.161490	11.139643
1.162075	11.167619
1.162661	11.121429
1.163248	11.123929
1.163836	11.160357
1.164424	11.194286
1.165013	11.167381
1.165602	11.092976
1.166192	10.980833
1.166783	10.996071
1.167374	11.086548
1.167966	11.131429
1.168559	11.115476
1.169152	10.910714
1.169746	10.912738
1.170341	10.951548
1.170936	10.915952
1.171532	10.861667
1.172129	10.887976
1.172727	10.688571
1.173325	10.739286
1.173923	10.689286
1.174523	10.645119
1.175123	10.610238
1.175723	10.661667
1.176325	10.573333
1.176927	10.533333
1.177530	10.624048
1.178133	10.514643
1.178737	10.549881
1.179342	10.483095
1.179948	10.297738
1.180554	10.203333
1.181161	10.084881
1.181768	10.182619
1.182376	10.042976
1.182985	9.999643
1.183595	10.007381
1.184205	10.005595
1.184816	9.840714
1.185428	9.783452
1.186040	9.777976
1.186653	9.802143
1.187267	9.814524
1.187881	9.824881
1.188497	9.749524
1.189112	9.720476
1.189729	9.759048
1.190346	9.615714
1.190964	9.738571
1.191583	9.732619
1.192202	9.680238
1.192822	9.670000
1.193443	9.523452
1.194064	9.514643
1.194687	9.528095
1.195310	9.637143
1.195933	9.661786
1.196557	9.642500
1.197183	9.738095
1.197808	9.766429
1.198435	9.818333
1.199062	9.830000
1.199690	9.801786
1.200318	9.680000
1.200948	9.657262
1.201578	9.684524
1.202209	9.657381
1.202840	9.546310
1.203472	9.469643
1.204105	9.430476
1.204739	9.437024
1.205374	9.362738
1.206009	9.406190
1.206645	9.387976
1.207281	9.433452
1.207919	9.290952
1.208557	9.162500
1.209195	8.989762
1.209835	8.939643
1.210475	8.762738
1.211116	8.775714
1.211758	8.801667
1.212401	8.706905
1.213044	8.671429
1.213688	8.641667
1.214333	8.615476
1.214978	8.458810
1.215625	8.488452
1.216272	8.607143
1.216919	8.583214
1.217568	8.562976
1.218217	8.464048
1.218867	8.438810
1.219518	8.301667
1.220170	8.339286
1.220822	8.225357
1.221475	8.310595
1.222129	8.480952
1.222784	8.633095
1.223439	8.744762
1.224095	8.714286
1.224752	8.787262
1.225410	8.825476
1.226068	8.982024
1.226727	8.984286
1.227387	9.072143
1.228048	9.054167
1.228710	9.101190
1.229372	9.095952
1.230035	9.051786
1.230699	9.005714
1.231364	8.966429
1.232029	8.990000
1.232695	8.997619
1.233362	9.092976
1.234030	9.131786
1.234699	9.235714
1.235368	9.270357
1.236038	9.208214
1.236709	9.083333
1.237381	8.962143
1.238054	8.982619
1.238727	9.003333
1.239401	8.898333
1.240076	8.764286
1.240752	8.783810
1.241428	8.803214
1.242106	8.965952
1.242784	9.016310
1.243463	8.982976
1.244143	8.985952
1.244823	9.141905
1.245504	9.111071
1.246187	9.130714
1.246870	9.233690
1.247554	9.248929
1.248238	9.153571
1.248924	9.164405
1.249610	9.145595
1.250297	9.097976
1.250985	9.224524
1.251674	9.240595
1.252363	9.275714
1.253054	9.225595
1.253745	9.394881
1.254437	9.434286
1.255130	9.407500
1.255823	9.322976
1.256518	9.205476
1.257213	9.214167
1.257910	9.273929
1.258607	9.153452
1.259305	9.024405
1.260003	9.089286
1.260703	9.042857
1.261403	9.023929
1.262105	9.008333
1.262807	9.120357
1.263510	9.074881
1.264213	9.021548
1.264918	8.999286
1.265624	8.902024
1.266330	8.848571
1.267037	8.763214
1.267745	8.781905
1.268454	8.710238
1.269164	8.673571
1.269875	8.651905
1.270586	8.737500
1.271299	8.670833
1.272012	8.640476
1.272726	8.641190
1.273441	8.691429
1.274157	8.754286
1.274874	8.696786
1.275591	8.665119
1.276310	8.554643
1.277029	8.550238
1.277749	8.502024
1.278470	8.449881
1.279193	8.453214
1.279915	8.411310
1.280639	8.406905
1.281364	8.485952
1.282089	8.578571
1.282816	8.467143
1.283543	8.478452
1.284271	8.428810
1.285001	8.321310
1.285731	8.240595
1.286461	8.261667
1.287193	8.195595
1.287926	8.094167
1.288660	8.032738
1.289394	8.119286
1.290130	8.211310
1.290866	8.217262
1.291603	8.337619
1.292341	8.309405
1.293080	8.325238
1.293820	8.301310
1.294561	8.326190
1.295303	8.399524
1.296046	8.450238
1.296790	8.473452
1.297534	8.467738
1.298280	8.532500
1.299026	8.473452
1.299773	8.472500
1.300522	8.574881
1.301271	8.555119
1.302021	8.502619
1.302772	8.474167
1.303524	8.471190
1.304277	8.523690
1.305031	8.496071
1.305786	8.474167
1.306542	8.460238
1.307298	8.403571
1.308056	8.451786
1.308815	8.590595
1.309574	8.567976
1.310335	8.493690
1.311096	8.403095
1.311859	8.379881
1.312622	8.356429
1.313387	8.399048
1.314152	8.476071
1.314918	8.516190
1.315685	8.456310
1.316454	8.531905
1.317223	8.623690
1.317993	8.669048
1.318764	8.642262
1.319536	8.660476
1.320309	8.725595
1.321083	8.608690
1.321858	8.625595
1.322634	8.735119
1.323411	8.767381
1.324189	8.784762
1.324968	8.632381
1.325748	8.779286
1.326529	8.834048
1.327311	8.862024
1.328094	8.822024
1.328878	8.812024
1.329663	8.682143
1.330449	8.644405
1.331236	8.646667
1.332024	8.686190
1.332813	8.652024
1.333603	8.645357
1.334394	8.711429
1.335186	8.853571
1.335978	8.951548
1.336772	9.026310
1.337567	9.165952
1.338363	9.168095
1.339160	9.122738
1.339959	9.080119
1.340758	9.114405
1.341558	9.210952
1.342359	9.025714
1.343161	9.074881
1.343964	9.184524
1.344768	9.265476
1.345574	9.303214
1.346380	9.313095
1.347187	9.255833
1.347996	9.308810
1.348805	9.378929
1.349616	9.341786
1.350427	9.338214
1.351240	9.377024
1.352053	9.277738
1.352868	9.222857
1.353684	9.159048
1.354501	9.163929
1.355318	9.003333
1.356137	9.071310
1.356957	9.071429
1.357778	9.060000
1.358600	9.053452
1.359424	9.132024
1.360248	9.095357
1.361073	8.882143
1.361900	8.867976
1.362727	8.768214
1.363556	8.770357
1.364385	8.787262
1.365216	8.794405
1.366048	8.778333
1.366881	8.893690
1.367715	8.885476
1.368550	8.824286
1.369386	8.965476
1.370223	8.989881
1.371061	8.912262
1.371901	8.835357
1.372742	8.981190
1.373583	8.952262
1.374426	9.047976
1.375270	8.944881
1.376115	8.777262
1.376961	8.844048
1.377808	8.814167
1.378657	9.028929
1.379506	8.978690
1.380357	9.056667
1.381208	9.099286
1.382061	9.028214
1.382915	8.971786
1.383770	9.074167
1.384627	8.929524
1.385484	8.890476
1.386342	8.815714
1.387202	8.675714
1.388063	8.681786
1.388925	8.717857
1.389788	8.655000
1.390652	8.657500
1.391518	8.668452
1.392384	8.584643
1.393252	8.736429
1.394121	8.836548
1.394991	8.785000
1.395862	8.805119
1.396734	8.691429
1.397608	8.735357
1.398482	8.750833
1.399358	8.723929
1.400235	8.843333
1.401113	8.892143
1.401993	8.763214
1.402873	8.765476
1.403755	8.735119
1.404638	8.850238
1.405522	9.005833
1.406408	8.961071
1.407294	8.987143
1.408182	9.044643
1.409071	8.850833
1.409961	8.781071
1.410852	8.772024
1.411745	8.628214
1.412638	8.532857
1.413533	8.548095
1.414429	8.536905
1.415327	8.676667
1.416225	8.685833
1.417125	8.706667
1.418026	8.703690
1.418928	8.783690
1.419832	8.785833
1.420736	8.894286
1.421642	8.881429
1.422549	8.891786
1.423458	8.916905
1.424368	8.875833
1.425278	8.865833
1.426190	8.839643
1.427104	8.842738
1.428018	8.976667
1.428934	9.088571
1.429851	9.135119
1.430770	9.230357
1.431689	9.336786
1.432610	9.323571
1.433533	9.335952
1.434456	9.289524
1.435381	9.156905
1.436307	9.164048
1.437234	9.282143
1.438162	9.206190
1.439092	9.048690
1.440023	8.982143
1.440956	9.045595
1.441889	8.984048
1.442824	8.873214
1.443761	8.804405
1.444698	8.845000
1.445637	8.860714
1.446577	8.835119
1.447518	8.900833
1.448461	8.788929
1.449405	8.783095
1.450351	8.768571
1.451297	8.686310
1.452245	8.715952
1.453195	8.722262
1.454145	8.783095
1.455097	8.854167
1.456051	8.860119
1.457005	8.809524
1.457961	8.752262
1.458918	8.886786
1.459877	8.883333
1.460837	8.976786
1.461798	9.046786
1.462761	9.191548
1.463725	9.262024
1.464690	9.238095
1.465657	9.265595
1.466625	9.288571
1.467595	9.220833
1.468566	9.281071
1.469538	9.263571
1.470511	9.271190
1.471486	9.281190
1.472462	9.158214
1.473440	9.238095
1.474419	9.196190
1.475400	9.063095
1.476381	8.997619
1.477365	8.962262
1.478349	8.968333
1.479335	8.951786
1.480323	8.980000
1.481312	8.864048
1.482302	8.990238
1.483293	8.843929
1.484286	8.847857
1.485281	8.758214
1.486277	8.748095
1.487274	8.767738
1.488273	8.801429
1.489273	8.780000
1.490274	8.857857
1.491277	8.834524
1.492282	8.904405
1.493288	9.020357
1.494295	8.987381
1.495304	8.969643
1.496314	9.306786
1.497325	9.376786
1.498339	9.535357
1.499353	9.616071
1.500369	9.712976
1.501387	9.687976
1.502406	9.867857
1.503426	9.739643
1.504448	9.924048
1.505471	9.962857
1.506496	10.120119
1.507522	10.055952
1.508550	10.087024
1.509579	10.170119
1.510610	10.230119
1.511642	10.349881
1.512676	10.471667
1.513711	10.531548
1.514748	10.644167
1.515787	10.637857
1.516826	10.683214
1.517868	10.609762
1.518910	10.655119
1.519955	10.671786
1.521001	10.767024
1.522048	10.795714
1.523097	10.985476
1.524147	10.880238
1.525199	11.090595
1.526253	11.173452
1.527308	11.189167
1.528364	11.365595
1.529423	11.497381
1.530482	11.681071
1.531544	11.818452
1.532606	11.858452
1.533671	11.934881
1.534737	11.984524
1.535804	12.058095
1.536873	12.109762
1.537944	12.294881
1.539016	12.389524
1.540090	12.555833
1.541166	12.490952
1.542243	12.490476
1.543321	12.492857
1.544401	12.595238
1.545483	12.585595
1.546567	12.844643
1.547652	12.946786
1.548738	13.035833
1.549827	13.119405
1.550916	13.106071
1.552008	13.334762
1.553101	13.357619
1.554196	13.400000
1.555292	13.525119
1.556390	13.549286
1.557490	13.586310
1.558591	13.705476
1.559694	13.913690
1.560799	14.076429
1.561905	14.161667
1.563013	14.194405
1.564122	14.440238
1.565234	14.616786
1.566347	14.818214
1.567461	14.994643
1.568577	15.231786
1.569695	15.352262
1.570815	15.500119
1.571936	15.767500
1.573059	16.058095
1.574184	16.295952
1.575310	16.469048
1.576438	16.754405
1.577568	17.112976
1.578700	17.372500
1.579833	17.630357
1.580968	18.051548
1.582105	18.366310
1.583243	18.580714
1.584383	18.867024
1.585525	19.280476
1.586669	19.662381
1.587814	20.059762
1.588961	20.445238
1.590110	20.763571
1.591260	21.161310
1.592413	21.595238
1.593567	22.097262
1.594723	22.468095
1.595880	22.884167
1.597040	23.330952
1.598201	23.852976
1.599364	24.276905
1.600529	24.829405
1.601695	25.204881
1.602864	25.863333
1.604034	26.657738
1.605206	27.297857
1.606380	28.078452
1.607555	29.039048
1.608733	30.164643
1.609912	31.204762
1.611093	32.382262
1.612276	33.566548
1.613460	34.940119
1.614647	36.336786
1.615835	37.712976
1.617025	39.116310
1.618218	40.617976
1.619411	42.369167
1.620607	43.924762
1.621805	45.653214
1.623004	47.464048
1.624206	49.479524
1.625409	51.338571
1.626614	53.437381
1.627821	55.283690
1.629030	57.296905
1.630241	59.356310
1.631453	61.396429
1.632668	63.325000
1.633884	65.192381
1.635103	67.017143
1.636323	68.998214
1.637545	70.936905
1.638769	72.787262
1.639996	74.680119
1.641224	76.574643
1.642453	78.361429
1.643685	80.270952
1.644919	82.111190
1.646155	84.115119
1.647393	86.188214
1.648632	88.175833
1.649874	90.122143
1.651118	92.158929
1.652363	93.952381
1.653611	96.061905
1.654860	97.721071
1.656112	99.550952
1.657365	101.364524
1.658621	102.898333
1.659878	104.273571
1.661138	105.674643
1.662399	106.763810
1.663663	107.804762
1.664929	108.567024
1.666196	109.180952
1.667466	109.634405
1.668737	110.082976
1.670011	109.875595
1.671287	109.485714
1.672565	108.759048
1.673845	107.677024
1.675126	106.310476
1.676410	104.678571
1.677696	102.718333
1.678985	100.595833
1.680275	97.956310
1.681567	95.300476
1.682861	92.326429
1.684158	88.995595
1.685456	85.649524
1.686757	82.218929
1.688060	78.737262
1.689365	75.180476
1.690672	71.555833
1.691981	68.014881
1.693292	64.577500
1.694605	61.025595
1.695921	57.541548
1.697239	54.373571
1.698558	51.282024
1.699880	48.328571
1.701205	45.430357
1.702531	42.812381
1.703859	40.202381
1.705190	38.011786
1.706523	35.803214
1.707858	34.107381
1.709195	32.291310
1.710534	30.812262
1.711876	29.524881
1.713220	28.582143
1.714566	27.523690
1.715914	26.674881
1.717264	25.848929
1.718617	25.186071
1.719972	24.496667
1.721329	23.777381
1.722689	23.297738
1.724050	22.662024
1.725414	22.157500
1.726780	21.827857
1.728149	21.450714
1.729520	21.080000
1.730893	20.780714
1.732268	20.590833
1.733645	20.357857
1.735025	20.251310
1.736408	19.901310
1.737792	19.931190
1.739179	19.655000
1.740568	19.575714
1.741959	19.328095
1.743353	19.282024
1.744749	19.099881
1.746148	19.185357
1.747549	19.097262
1.748952	19.265476
1.750357	19.376905
1.751765	19.445000
1.753175	19.754881
1.754588	19.875952
1.756003	19.902857
1.757420	20.159762
1.758840	20.341310
1.760262	20.535833
1.761687	20.723571
1.763114	20.785595
1.764543	21.010119
1.765975	21.244524
1.767410	21.303571
1.768846	21.660833
1.770286	21.947262
1.771727	22.223452
1.773171	22.554881
1.774618	22.902262
1.776067	23.071548
1.777518	23.474167
1.778972	23.738333
1.780429	24.038571
1.781888	24.297381
1.783349	24.533214
1.784813	24.835714
1.786280	25.210714
1.787749	25.397024
1.789220	25.829167
1.790694	26.135714
1.792171	26.443214
1.793650	26.805833
1.795132	27.065357
1.796616	27.498810
1.798103	27.859167
1.799592	28.310000
1.801084	28.588214
1.802579	29.001786
1.804076	29.254524
1.805576	29.640952
1.807078	29.920952
1.808583	30.190595
1.810090	30.389881
1.811601	30.747024
1.813114	31.136667
1.814629	31.507619
1.816147	31.916071
1.817668	32.293810
1.819191	32.814286
1.820717	33.210000
1.822246	33.539762
1.823778	33.877619
1.825312	34.282500
1.826849	34.898929
1.828388	35.375952
1.829930	35.864762
1.831475	36.117857
1.833023	36.606548
1.834574	36.998571
1.836127	37.594405
1.837683	38.114167
1.839241	38.701786
1.840803	39.264286
1.842367	39.935119
1.843934	40.503452
1.845504	41.212381
1.847076	41.725714
1.848651	42.320714
1.850230	42.844881
1.851810	43.302857
1.853394	43.792619
1.854981	44.437857
1.856570	45.174048
1.858162	45.747857
1.859758	46.262857
1.861356	46.687381
1.862956	47.307143
1.864560	47.948929
1.866167	48.519167
1.867776	49.080714
1.869388	49.646310
1.871004	50.273214
1.872622	50.890357
1.874243	51.461310
1.875867	52.020000
1.877494	52.747619
1.879124	53.255476
1.880756	53.997857
1.882392	54.517500
1.884031	55.097024
1.885673	55.775000
1.887317	56.544881
1.888965	57.041548
1.890616	57.521548
1.892269	58.122024
1.893926	58.592024
1.895586	59.186071
1.897249	59.724643
1.898914	60.286786
1.900583	60.782262
1.902255	61.476786
1.903930	62.074405
1.905608	62.584286
1.907289	63.102143
1.908973	63.744405
1.910661	64.377262
1.912351	64.858452
1.914045	65.434762
1.915741	65.935952
1.917441	66.592738
1.919144	67.362143
1.920850	67.915952
1.922559	68.430357
1.924271	69.180833
1.925987	69.991071
1.927706	70.807976
1.929428	71.655000
1.931153	72.515476
1.932881	73.307857
1.934613	74.181786
1.936347	75.137500
1.938085	75.919405
1.939826	76.790000
1.941571	77.852619
1.943319	78.694048
1.945070	79.653452
1.946824	80.592738
1.948582	81.490000
1.950343	82.464167
1.952107	83.344048
1.953874	84.279881
1.955645	85.208571
1.957419	86.299762
1.959197	87.202500
1.960978	88.382024
1.962762	89.337857
1.964550	90.351071
1.966341	91.439048
1.968135	92.435119
1.969933	93.569762
1.971734	94.635595
1.973539	95.747262
1.975347	96.868571
1.977158	98.130595
1.978973	99.150238
1.980792	100.382262
1.982614	101.507619
1.984439	102.682619
1.986268	103.947500
1.988100	105.130476
1.989936	106.618929
1.991775	107.876667
1.993618	109.140714
1.995465	110.393333
1.997315	111.822381
1.999168	112.892738
2.001025	114.318333
2.002886	115.729524
2.004751	117.154286
2.006618	118.668929
2.008490	120.053333
2.010365	121.364405
2.012244	122.711786
2.014126	124.266786
2.016012	125.622262
2.017902	127.109048
2.019796	128.645476
2.021693	130.136071
2.023594	131.567500
2.025498	133.125238
2.027406	134.671905
2.029318	136.133690
2.031234	137.839524
2.033153	139.496786
2.035077	141.208452
2.037004	142.755119
2.038934	144.812262
2.040869	146.554643
2.042807	148.274167
2.044749	150.064881
2.046696	151.737143
2.048645	153.681310
2.050599	155.688214
2.052557	157.747381
2.054518	159.446667
2.056483	161.247500
2.058453	163.115833
2.060426	165.169405
2.062403	167.232619
2.064384	169.446905
2.066369	171.434405
2.068358	173.455952
2.070350	175.601786
2.072347	177.561667
2.074348	179.824762
2.076353	181.727976
2.078362	184.075119
2.080375	186.062381
2.082392	188.259762
2.084412	190.398333
2.086438	192.709167
2.088467	195.092738
2.090500	197.110833
2.092537	199.319048
2.094578	201.389286
2.096624	203.897262
2.098674	206.333690
2.100727	208.662976
2.102785	210.929167
2.104847	213.117024
2.106914	215.399286
2.108984	217.707619
2.111059	220.181667
2.113138	222.405714
2.115221	224.694048
2.117308	226.801071
2.119400	229.326429
2.121496	231.646786
2.123596	234.067738
2.125701	236.256667
2.127810	238.555238
2.129923	240.718810
2.132041	243.094048
2.134162	245.596429
2.136289	247.965238
2.138419	250.368452
2.140554	252.710119
2.142694	255.094167
2.144838	257.329643
2.146986	259.557738
2.149139	261.946429
2.151296	264.213571
2.153458	266.621429
2.155624	268.751548
2.157795	270.850595
2.159970	273.177857
2.162150	275.329405
2.164334	277.341786
2.166523	279.434524
2.168716	281.506548
2.170914	283.585238
2.173117	285.805714
2.175324	287.760238
2.177536	289.455595
2.179753	291.320952
2.181974	293.096905
2.184200	294.834167
2.186430	296.496905
2.188665	297.963095
2.190905	299.470357
2.193150	300.987976
2.195400	302.398929
2.197654	303.675714
2.199913	304.881429
2.202177	306.019524
2.204445	307.366667
2.206719	308.303095
2.208997	309.394524
2.211280	310.442500
2.213568	311.207262
2.215861	311.877857
2.218159	312.640952
2.220462	313.096905
2.222769	313.633571
2.225082	314.138690
2.227400	314.437857
2.229722	314.683333
2.232050	314.865357
2.234382	315.016071
2.236720	315.307381
2.239063	315.326786
2.241410	315.232143
2.243763	315.118333
2.246121	314.890595
2.248484	314.408929
2.250852	314.213452
2.253225	313.884286
2.255604	313.698690
2.257987	313.249643
2.260376	312.663571
2.262770	312.247738
2.265170	311.552500
2.267574	310.735714
2.269984	310.059524
2.272399	309.224286
2.274819	308.417381
2.277245	307.375476
2.279676	306.511667
2.282112	305.461190
2.284554	304.364881
2.287001	303.015714
2.289454	302.019762
2.291912	300.974524
2.294375	299.540357
2.296844	298.453571
2.299318	297.175833
2.301798	295.633214
2.304283	293.904524
2.306774	292.219286
2.309271	290.445000
2.311773	288.739643
2.314280	286.848333
2.316793	284.825595
2.319312	282.946667
2.321837	280.743095
2.324367	278.536667
2.326902	276.443690
2.329444	274.261190
2.331991	271.828571
2.334544	269.353214
2.337103	266.735000
2.339667	264.223571
2.342237	261.575595
2.344813	258.617381
2.347395	255.870833
2.349983	252.933452
2.352577	250.108095
2.355176	247.290595
2.357782	244.342143
2.360393	241.350952
2.363010	238.440952
2.365634	235.271786
2.368263	232.134762
2.370898	229.202143
2.373540	226.060357
2.376187	223.087500
2.378841	220.097619
2.381500	216.844762
2.384166	214.026548
2.386838	211.133095
2.389516	208.214048
2.392200	205.252857
2.394890	202.312619
2.397587	199.500000
2.400290	196.685833
2.402999	193.900714
2.405714	191.112143
2.408436	188.545714
2.411164	185.718333
2.413899	183.122262
2.416639	180.577500
2.419387	177.958333
2.422140	175.550000
2.424900	173.250357
2.427667	170.741429
2.430440	168.425476
2.433219	166.013095
2.436006	163.590714
2.438798	161.428810
2.441597	158.996786
2.444403	156.715595
2.447216	154.765000
2.450035	152.761071
2.452861	150.783810
2.455693	148.563571
2.458532	146.757738
2.461378	144.925714
2.464231	142.949524
2.467090	140.884643
2.469957	139.281071
2.472830	137.418333
2.475710	135.623452
2.478597	134.021310
2.481491	132.567857
2.484392	130.864524
2.487299	129.455238
2.490214	128.057143
2.493136	126.600238
2.496065	125.382738
2.499001	124.075714
2.501944	122.903095
2.504894	121.716786
2.507851	120.691190
2.510816	119.554524
2.513787	118.462381
2.516766	117.637500
2.519752	116.618333
2.522745	115.601548
2.525746	114.681071
2.528754	113.918095
2.531769	113.058810
2.534792	112.473452
2.537822	111.779048
2.540860	110.974643
2.543905	110.231667
2.546958	109.614048
2.550018	109.068333
2.553085	108.430595
2.556160	108.017857
2.559243	107.600714
2.562334	107.016548
2.565432	106.758333
2.568537	106.432381
2.571651	105.875238
2.574772	105.656905
2.577901	105.500238
2.581038	105.427976
2.584182	105.301190
2.587335	105.333095
2.590495	105.336071
2.593664	105.338929
2.596840	105.326667
2.600024	105.495952
2.603216	105.599286
2.606416	105.668810
2.609625	105.870000
2.612841	106.259167
2.616066	106.371905
2.619298	106.732262
2.622539	107.157738
2.625789	107.442857
2.629046	107.866548
2.632312	108.056905
2.635586	108.521667
2.638868	108.829881
2.642159	109.138929
2.645458	109.431667
2.648765	109.673214
2.652081	109.940833
2.655406	110.263571
2.658739	110.705595
2.662081	111.146190
2.665431	111.609048
2.668790	111.828929
2.672157	112.307976
2.675534	112.819643
2.678919	113.180595
2.682313	113.428214
2.685715	113.866548
2.689127	114.128929
2.692547	114.425595
2.695976	114.857381
2.699415	115.371786
2.702862	115.884286
2.706318	115.975833
2.709783	116.426310
2.713258	116.740595
2.716741	117.101310
2.720234	117.418690
2.723736	117.835714
2.727247	118.280714
2.730767	118.643929
2.734297	118.966071
2.737836	119.385833
2.741384	119.955833
2.744942	120.245714
2.748509	120.677738
2.752086	121.111071
2.755672	121.652262
2.759268	122.065000
2.762873	122.615000
2.766488	123.154524
2.770113	123.678214
2.773748	124.226071
2.777392	124.773214
2.781046	125.660476
2.784710	126.486071
2.788383	127.355476
2.792067	128.164524
2.795761	129.046429
2.799464	130.144643
2.803178	131.082262
2.806902	132.106071
2.810636	133.116905
2.814380	134.419405
2.818134	135.492500
2.821898	136.695595
2.825673	138.041667
2.829458	139.429286
2.833254	140.810714
2.837059	142.246190
2.840876	143.724405
2.844703	145.460595
2.848540	146.916310
2.852388	148.439405
2.856247	150.141786
2.860116	151.878690
2.863996	153.676905
2.867886	155.593810
2.871788	157.615714
2.875700	159.604524
2.879624	161.557262
2.883558	163.739048
2.887503	166.021429
2.891459	168.528452
2.895427	170.765357
2.899405	173.217738
2.903395	175.755000
2.907396	178.406786
2.911408	181.320476
2.915431	183.973214
2.919466	187.207619
2.923512	190.598571
2.927570	193.648452
2.931639	197.168810
2.935720	201.034048
2.939812	204.604048
2.943916	208.308452
2.948032	212.134405
2.952160	216.510357
2.956299	220.907619
2.960450	225.681190
2.964613	230.401071
2.968788	235.604524
2.972975	241.014048
2.977174	246.587976
2.981385	252.802738
2.985609	259.721667
2.989844	266.745357
2.994092	274.584524
2.998352	282.880595
3.002625	292.322143
3.006910	302.035000
3.011207	312.316905
3.015517	323.012857
3.019840	334.961071
3.024175	347.560476
3.028523	361.238333
3.032884	375.355000
3.037257	391.441429
3.041644	408.064286
3.046043	425.703333
3.050455	445.590119
3.054881	468.287024
3.059319	492.049881
3.063771	518.953214
3.068236	547.388929
3.072714	579.865476
3.077205	613.710595
3.081710	654.049881
3.086229	697.116548
3.090760	743.409286
3.095306	795.629405
3.099865	849.766905
3.104438	910.880476
3.109024	975.971429
3.113625	1045.613810
3.118239	1124.093095
3.122867	1205.268333
3.127509	1295.981429
3.132166	1400.183452
3.136836	1510.890000
3.141521	1636.388810
3.146220	1776.673452
3.150933	1930.471905
3.155660	2102.530952
3.160403	2291.368452
3.165159	2506.440595
3.169930	2742.224881
3.174716	2997.377857
3.179517	3274.024048
3.184332	3566.135000
3.189163	3892.244048
3.194008	4246.277024
3.198868	4618.971310
3.203744	5025.095833
3.208634	5441.774643
3.213540	5907.483095
3.218461	6403.717976
3.223397	6927.416310
3.228349	7486.344048
3.233316	8072.307738
3.238299	8687.762500
3.243298	9301.986429
3.248312	9898.813929
3.253342	10479.135238
3.258388	11039.476190
3.263450	11579.555119
3.268528	12091.440952
3.273622	12577.815119
3.278732	13042.722381
3.283858	13479.527024
3.289001	13896.937381
3.294160	14276.283333
3.299336	14620.835119
3.304528	14944.058214
3.309737	15225.947738
3.314962	15492.825000
3.320205	15704.360476
3.325464	15869.454643
3.330740	15967.323452
3.336034	15986.965357
3.341344	15919.772738
3.346672	15771.782381
3.352017	15560.792857
3.357379	15291.564405
3.362759	14958.787976
3.368156	14560.373452
3.373571	14101.339405
3.379004	13587.958214
3.384454	13027.151190
3.389923	12426.571667
3.395409	11793.955952
3.400914	11139.606786
3.406437	10464.898929
3.411977	9776.223690
3.417537	9074.535000
3.423114	8360.940833
3.428711	7638.146667
3.434326	6907.868810
3.439959	6176.748452
3.445612	5475.628571
3.451283	4803.193810
3.456973	4170.390595
3.462683	3578.139167
3.468411	3031.320595
3.474159	2540.178095
3.479926	2110.608571
3.485713	1745.332262
3.491519	1439.383095
3.497346	1186.751071
3.503191	980.804524
3.509057	813.828690
3.514943	678.415476
3.520848	564.350476
3.526774	470.389762
3.532721	390.173929
3.538687	322.763452
3.544674	267.120476
3.550682	220.693810
3.556710	181.867262
3.562760	149.877619
3.568830	123.891429
3.574921	101.888214
3.581033	84.246905
3.587167	69.642500
3.593322	57.839405
3.599498	48.598810
3.605696	41.407619
3.611916	35.427619
3.618158	30.558929
3.624421	26.957857
3.630707	24.050000
3.637015	21.840952
3.643344	19.997143
3.649697	18.527738
3.656072	17.365476
3.662469	16.396310
3.668890	15.601310
3.675333	15.099048
3.681799	14.484881
3.688288	14.027857
3.694801	13.573214
3.701337	13.059643
3.707896	12.751429
3.714479	12.393333
3.721086	12.195119
3.727717	11.993333
3.734371	11.761071
3.741050	11.438929
3.747753	11.268452
3.754481	11.245238
3.761233	11.040119
3.768010	10.830833
3.774811	10.619048
3.781638	10.497143
3.788489	10.477976
3.795366	10.526429
3.802268	10.395714
3.809196	10.482500
3.816149	10.385357
3.823128	10.375714
3.830133	10.403571
3.837164	10.337857
3.844221	10.341429
3.851305	10.294405
3.858415	10.354286
3.865552	10.367024
3.872716	10.417143
3.879906	10.368333
3.887124	10.367500
3.894369	10.312500
3.901641	10.351429
3.908941	10.357857
3.916269	10.420238
3.923625	10.557262
3.931008	10.560714
3.938420	10.584881
3.945860	10.519286
3.953329	10.677143
3.960827	10.533929
3.968353	10.584881
3.975908	10.525238
3.983493	10.476548
3.991107	10.537857
3.998750	10.475833
4.006423	10.549405
4.014127	10.487857
4.021860	10.400833
4.029623	10.375357
4.037417	10.325357
4.045241	10.371071
4.053096	10.358810
4.060983	10.319167
4.068900	10.356548
4.076848	10.407976
4.084829	10.280238
4.092840	10.308690
4.100884	10.305119
4.108960	10.337143
4.117068	10.218333
4.125208	10.357500
4.133381	10.220833
4.141587	10.264048
4.149826	10.362738
4.158099	10.276190
4.166404	10.280833
4.174744	10.237262
4.183117	10.243929
4.191524	10.256310
4.199966	10.163333
4.208442	10.181667
4.216953	10.203214
4.225498	10.269405
4.234079	10.277024
4.242695	10.231905
4.251347	10.127143
4.260035	10.344881
4.268758	10.380119
4.277518	10.327024
4.286314	10.248095
4.295147	10.269643
4.304017	10.168810
4.312923	10.235595
4.321868	10.207738
4.330850	10.169286
4.339869	10.273095
4.348927	10.396905
4.358023	10.327619
4.367158	10.273690
4.376331	10.180714
4.385544	10.160357
4.394796	10.056190
4.404087	9.998214
4.413419	9.945952
4.422790	9.855714
4.432202	9.887976
4.441654	9.807500
4.451147	9.690595
4.460681	9.616429
4.470257	9.597024
4.479874	9.618929
4.489533	9.732738
4.499235	9.652381
4.508979	9.495952
4.518765	9.572024
4.528595	9.558214
4.538468	9.469524
4.548385	9.444048
4.558345	9.510714
4.568350	9.555476
4.578399	9.590714
4.588494	9.561667
4.598633	9.726190
4.608817	9.754881
4.619047	9.760476
4.629324	9.747976
4.639646	9.661786
4.650015	9.718929
4.660431	9.706548
4.670895	9.600595
4.681406	9.585952
4.691965	9.647381
4.702572	9.400476
4.713227	9.428571
4.723932	9.516071
4.734686	9.382976
4.745489	9.341071
4.756342	9.303214
4.767246	9.399405
4.778200	9.424762
4.789205	9.528095
4.800262	9.510595
4.811370	9.453333
4.822530	9.316429
4.833743	9.304881
4.845008	9.340238
4.856327	9.437381
4.867699	9.492262
4.879125	9.632500
4.890605	9.646905
4.902140	9.641905
4.913730	9.652143
4.925376	9.577500
4.937077	9.707024
4.948835	9.717500
4.960649	9.765119
4.972521	9.851548
4.984450	9.750119
4.996437	9.865595
5.008482	9.722857
5.020586	9.597619
5.032749	9.546190
5.044972	9.597262
5.057255	9.778214
5.069599	9.872619
5.082003	9.871786
5.094469	9.864762
5.106997	9.780238
5.119587	9.743929
5.132240	9.496786
5.144956	9.574286
5.157736	9.820595
5.170580	9.860000
5.183489	9.795357
5.196463	9.642976
5.209503	9.648095
5.222609	9.711071
5.235782	9.671190
5.249022	9.775833
5.262329	9.741429
5.275705	9.834405
5.289150	9.965476
5.302664	10.024405
5.316248	9.998810
5.329902	9.889524
5.343627	9.803690
5.357424	9.873333
5.371293	9.947262
5.385234	9.924524
5.399249	9.986190
5.413337	10.117857
5.427500	10.013571
5.441737	9.993810
5.456051	10.038214
5.470440	10.040595
5.484906	10.212857
5.499449	10.244048
5.514071	10.185357
5.528771	10.193690
5.543550	10.191548
5.558409	10.170357
5.573349	10.225714
5.588370	10.211071
5.603473	10.109524
5.618658	10.226905
5.633926	10.351905
5.649279	10.468333
5.664716	10.368214
5.680238	10.322619
5.695846	10.405714
5.711541	10.397143
5.727323	10.357143
5.743194	10.496548
5.759153	10.462381
5.775203	10.502381
5.791342	10.560119
5.807573	10.506190
5.823895	10.398810
5.840311	10.419048
5.856820	10.319643
5.873423	10.296429
5.890121	10.328571
5.906916	10.298333
5.923807	10.316548
5.940795	10.351786
5.957883	10.303452
5.975069	10.100357
5.992356	10.147381
6.009744	10.109643
6.027234	9.997738
6.044826	9.895000
6.062523	10.602500
6.080324	11.377500
6.098230	11.140000
6.116244	9.830000
6.134365	10.710000
6.152594	7.062500
6.170933	11.777500
6.189382	8.545000
6.207943	8.402500
