%% INTEG 5.0 AVG 100.0 SMOOTH 10
1.000060	3.355000
1.000479	6.025000
1.000898	5.475000
1.001318	5.827500
1.001738	4.000000
1.002158	3.442500
1.002579	6.390000
1.003000	6.080000
1.003422	5.537500
1.003844	5.076667
1.004266	5.136786
1.004689	5.241548
1.005112	5.247976
1.005536	5.298095
1.005960	5.297976
1.006384	5.292500
1.006809	5.445833
1.007235	5.316548
1.007660	5.239286
1.008086	5.279524
1.008513	5.286071
1.008940	5.364286
1.009367	5.377143
1.009795	5.350476
1.010223	5.414405
1.010652	5.350833
1.011081	5.443333
1.011510	5.442262
1.011940	5.453929
1.012370	5.382262
1.012801	5.486905
1.013232	5.500238
1.013664	5.551310
1.014095	5.596667
1.014528	5.515000
1.014960	5.458571
1.015394	5.522024
1.015827	5.592262
1.016261	5.676667
1.016696	5.799762
1.017131	5.695714
1.017566	5.622500
1.018001	5.566786
1.018438	5.700714
1.018874	5.750833
1.019311	5.712143
1.019748	5.669286
1.020186	5.739405
1.020625	5.734762
1.021063	5.700357
1.021502	5.608333
1.021942	5.501190
1.022382	5.597143
1.022822	5.542262
1.023263	5.382024
1.023704	5.473095
1.024146	5.455833
1.024588	5.460476
1.025031	5.338810
1.025474	5.330833
1.025917	5.301190
1.026361	5.324881
1.026805	5.412143
1.027250	5.492619
1.027695	5.349881
1.028141	5.245238
1.028587	5.320357
1.029033	5.336667
1.029480	5.197619
1.029927	5.151667
1.030375	5.131190
1.030823	5.257857
1.031272	5.245357
1.031721	5.107143
1.032171	5.123452
1.032621	5.221310
1.033071	5.238571
1.033522	5.200833
1.033973	5.225476
1.034425	5.191071
1.034877	5.228214
1.035330	5.212738
1.035783	5.151310
1.036237	5.086548
1.036691	5.028810
1.037145	5.055595
1.037600	5.220952
1.038055	5.187857
1.038511	5.230357
1.038967	5.333929
1.039424	5.375714
1.039881	5.446905
1.040339	5.411548
1.040797	5.428095
1.041255	5.491905
1.041714	5.557262
1.042174	5.495476
1.042634	5.403452
1.043094	5.540595
1.043555	5.528214
1.044016	5.522857
1.044478	5.514167
1.044940	5.524048
1.045403	5.516190
1.045866	5.593095
1.046329	5.616071
1.046793	5.650595
1.047258	5.643452
1.047723	5.631429
1.048188	5.667976
1.048654	5.733095
1.049121	5.754048
1.049588	5.794167
1.050055	5.766548
1.050523	5.786786
1.050991	5.739405
1.051460	5.729167
1.051929	5.699524
1.052398	5.669881
1.052869	5.562262
1.053339	5.490595
1.053810	5.572500
1.054282	5.454524
1.054754	5.446905
1.055226	5.678095
1.055699	5.644048
1.056173	5.653452
1.056647	5.725000
1.057121	5.725714
1.057596	5.799167
1.058071	5.801786
1.058547	5.796310
1.059023	5.791667
1.059500	5.743452
1.059978	5.875476
1.060455	5.799524
1.060934	5.675595
1.061412	5.647738
1.061892	5.688929
1.062371	5.703333
1.062851	5.741190
1.063332	5.933810
1.063813	5.809286
1.064295	5.867738
1.064777	5.846071
1.065260	5.782738
1.065743	5.709762
1.066227	5.637500
1.066711	5.573929
1.067195	5.597381
1.067680	5.509643
1.068166	5.452619
1.068652	5.419286
1.069139	5.330119
1.069626	5.369405
1.070113	5.359881
1.070601	5.389524
1.071090	5.428929
1.071579	5.377143
1.072069	5.350238
1.072559	5.420833
1.073049	5.431071
1.073540	5.385595
1.074032	5.531905
1.074524	5.556786
1.075017	5.571786
1.075510	5.538810
1.076003	5.631071
1.076498	5.681429
1.076992	5.786548
1.077487	5.805476
1.077983	5.912143
1.078479	5.984048
1.078976	5.920119
1.079473	6.038333
1.079971	6.081071
1.080469	6.049881
1.080968	6.158095
1.081467	6.282143
1.081967	6.390952
1.082467	6.492976
1.082968	6.503095
1.083469	6.587024
1.083971	6.545357
1.084473	6.529762
1.084976	6.583571
1.085479	6.585714
1.085983	6.656786
1.086488	6.671190
1.086993	6.711310
1.087498	6.649286
1.088004	6.630238
1.088511	6.622143
1.089018	6.620238
1.089525	6.839405
1.090033	6.825714
1.090542	6.804286
1.091051	6.871548
1.091561	6.809643
1.092071	6.802143
1.092582	6.809048
1.093093	6.870714
1.093605	6.862857
1.094117	6.810476
1.094630	6.760476
1.095144	6.803214
1.095658	6.735476
1.096172	6.722738
1.096687	6.638095
1.097203	6.556905
1.097719	6.497976
1.098236	6.481667
1.098753	6.447024
1.099271	6.415833
1.099789	6.387024
1.100308	6.366071
1.100827	6.302976
1.101347	6.308929
1.101868	6.235595
1.102389	6.338333
1.102910	6.320595
1.103432	6.252262
1.103955	6.256071
1.104478	6.259048
1.105002	6.270595
1.105526	6.483452
1.106051	6.536190
1.106577	6.666071
1.107103	6.701786
1.107629	6.673333
1.108156	6.775714
1.108684	6.813214
1.109212	6.801310
1.109741	6.755000
1.110270	6.714643
1.110800	6.748810
1.111331	6.517619
1.111862	6.549762
1.112393	6.457738
1.112925	6.436071
1.113458	6.215119
1.113991	6.271667
1.114525	6.144762
1.115060	6.035952
1.115595	6.153333
1.116130	6.133929
1.116666	6.015357
1.117203	5.782262
1.117740	5.756786
1.118278	5.765952
1.118817	5.761905
1.119356	5.763214
1.119895	5.861071
1.120436	5.759881
1.120976	5.580357
1.121518	5.568690
1.122059	5.534524
1.122602	5.636905
1.123145	5.558214
1.123689	5.621071
1.124233	5.556905
1.124778	5.663452
1.125323	5.596786
1.125869	5.688690
1.126416	5.671190
1.126963	5.552381
1.127511	5.506071
1.128059	5.381190
1.128608	5.569048
1.129157	5.413452
1.129707	5.267976
1.130258	5.405119
1.130810	5.309524
1.131361	5.129762
1.131914	5.153690
1.132467	5.300952
1.133021	5.265595
1.133575	5.227381
1.134130	5.145595
1.134685	5.229286
1.135241	5.204881
1.135798	5.251071
1.136355	5.205000
1.136913	5.203810
1.137472	5.180000
1.138031	5.296667
1.138591	5.350357
1.139151	5.336786
1.139712	5.340357
1.140274	5.235119
1.140836	5.172262
1.141399	5.226190
1.141962	5.082500
1.142526	5.171071
1.143091	5.274881
1.143656	5.361429
1.144222	5.303810
1.144788	5.286786
1.145355	5.264762
1.145923	5.261548
1.146491	5.186548
1.147060	5.221548
1.147630	5.267262
1.148200	5.242857
1.148771	5.134167
1.149342	5.107619
1.149914	4.983214
1.150487	4.856310
1.151061	4.837619
1.151635	4.919881
1.152209	4.834167
1.152784	4.940833
1.153360	5.021667
1.153937	5.007381
1.154514	5.028333
1.155092	4.965595
1.155670	4.937143
1.156249	5.068690
1.156829	5.111429
1.157409	5.123214
1.157990	5.081071
1.158572	5.066905
1.159154	5.026429
1.159737	4.918690
1.160321	4.981786
1.160905	5.042976
1.161490	5.060952
1.162075	5.119524
1.162661	5.132976
1.163248	5.200357
1.163836	5.163095
1.164424	5.224286
1.165013	5.246190
1.165602	5.128333
1.166192	5.130119
1.166783	5.062262
1.167374	5.084167
1.167966	5.189405
1.168559	5.258214
1.169152	5.157024
1.169746	5.185000
1.170341	5.272500
1.170936	5.314524
1.171532	5.228333
1.172129	5.232857
1.172727	5.210595
1.173325	5.283095
1.173923	5.255952
1.174523	5.205000
1.175123	5.206310
1.175723	5.236310
1.176325	5.164048
1.176927	5.287738
1.177530	5.243810
1.178133	5.231786
1.178737	5.264405
1.179342	5.282143
1.179948	5.265119
1.180554	5.134881
1.181161	4.955119
1.181768	5.081667
1.182376	5.026905
1.182985	5.047619
1.183595	5.061071
1.184205	5.092262
1.184816	5.151429
1.185428	5.086905
1.186040	4.988214
1.186653	5.049286
1.187267	5.106429
1.187881	5.069762
1.188497	4.976905
1.189112	5.022381
1.189729	4.900714
1.190346	5.033214
1.190964	5.098690
1.191583	5.038571
1.192202	4.978095
1.192822	4.908214
1.193443	4.882738
1.194064	4.940357
1.194687	4.917738
1.195310	4.851429
1.195933	4.908333
1.196557	4.867619
1.197183	4.918571
1.197808	4.930238
1.198435	5.054524
1.199062	5.183214
1.199690	5.123929
1.200318	5.070714
1.200948	5.072976
1.201578	5.171667
1.202209	5.152857
1.202840	5.139167
1.203472	4.980714
1.204105	4.962619
1.204739	5.047500
1.205374	4.966905
1.206009	5.041310
1.206645	5.087381
1.207281	5.101905
1.207919	5.053452
1.208557	5.147262
1.209195	5.124643
1.209835	5.160000
1.210475	5.118095
1.211116	5.068929
1.211758	5.004762
1.212401	4.921190
1.213044	4.958214
1.213688	4.897857
1.214333	4.936905
1.214978	4.824524
1.215625	4.857262
1.216272	4.864286
1.216919	4.959881
1.217568	4.914405
1.218217	4.796190
1.218867	4.903095
1.219518	4.672738
1.220170	4.634524
1.220822	4.513452
1.221475	4.576786
1.222129	4.591310
1.222784	4.470833
1.223439	4.514881
1.224095	4.474524
1.224752	4.544524
1.225410	4.510000
1.226068	4.506667
1.226727	4.510952
1.227387	4.552262
1.228048	4.393333
1.228710	4.410476
1.229372	4.350238
1.230035	4.361190
1.230699	4.327857
1.231364	4.405714
1.232029	4.408452
1.232695	4.413810
1.233362	4.625595
1.234030	4.684762
1.234699	4.856429
1.235368	4.864881
1.236038	4.886548
1.236709	4.891429
1.237381	4.889524
1.238054	4.907857
1.238727	4.913690
1.239401	4.938929
1.240076	4.970119
1.240752	5.020119
1.241428	5.050357
1.242106	5.204405
1.242784	5.280833
1.243463	5.322976
1.244143	5.352619
1.244823	5.349405
1.245504	5.284405
1.246187	5.388095
1.246870	5.370357
1.247554	5.391071
1.248238	5.265000
1.248924	5.231905
1.249610	5.227976
1.250297	5.243452
1.250985	5.298095
1.251674	5.255595
1.252363	5.405000
1.253054	5.357976
1.253745	5.472262
1.254437	5.431190
1.255130	5.392262
1.255823	5.384524
1.256518	5.418690
1.257213	5.385238
1.257910	5.362976
1.258607	5.283333
1.259305	5.212738
1.260003	5.291190
1.260703	5.293452
1.261403	5.348690
1.262105	5.424405
1.262807	5.494524
1.263510	5.488929
1.264213	5.431190
1.264918	5.276310
1.265624	5.310357
1.266330	5.310952
1.267037	5.081429
1.267745	5.016905
1.268454	4.962143
1.269164	4.960595
1.269875	4.941667
1.270586	4.925119
1.271299	4.835000
1.272012	4.835476
1.272726	4.929048
1.273441	4.995238
1.274157	5.103452
1.274874	5.008095
1.275591	4.912976
1.276310	4.808452
1.277029	4.767262
1.277749	4.729167
1.278470	4.705714
1.279193	4.777857
1.279915	4.853571
1.280639	4.725714
1.281364	4.718690
1.282089	4.862857
1.282816	4.887262
1.283543	4.848333
1.284271	4.785000
1.285001	4.705833
1.285731	4.726905
1.286461	4.810476
1.287193	4.824286
1.287926	4.772143
1.288660	4.742738
1.289394	4.783571
1.290130	4.909048
1.290866	4.994881
1.291603	5.030476
1.292341	5.042500
1.293080	5.073690
1.293820	5.073452
1.294561	4.996429
1.295303	5.112857
1.296046	5.128810
1.296790	5.176667
1.297534	5.199048
1.298280	5.213810
1.299026	5.207857
1.299773	5.355833
1.300522	5.380238
1.301271	5.367738
1.302021	5.258690
1.302772	5.214048
1.303524	5.147143
1.304277	5.162976
1.305031	5.100238
1.305786	5.074524
1.306542	5.077262
1.307298	5.128690
1.308056	5.065238
1.308815	5.144643
1.309574	5.160714
1.310335	5.156905
1.311096	5.000476
1.311859	5.106310
1.312622	5.091786
1.313387	5.101905
1.314152	5.150357
1.314918	5.125357
1.315685	4.997857
1.316454	5.068929
1.317223	4.977976
1.317993	5.067143
1.318764	4.961190
1.319536	4.970119
1.320309	4.998690
1.321083	5.006071
1.321858	4.985357
1.322634	5.052500
1.323411	5.119048
1.324189	5.153452
1.324968	5.103929
1.325748	5.057262
1.326529	5.115000
1.327311	5.105595
1.328094	5.079286
1.328878	5.022857
1.329663	4.834405
1.330449	4.893333
1.331236	4.866548
1.332024	4.886905
1.332813	4.930238
1.333603	4.989048
1.334394	5.019643
1.335186	5.225000
1.335978	5.190119
1.336772	5.175238
1.337567	5.190000
1.338363	5.177500
1.339160	5.117976
1.339959	5.003690
1.340758	4.994524
1.341558	5.022381
1.342359	5.010476
1.343161	4.937381
1.343964	4.998214
1.344768	4.952262
1.345574	4.981548
1.346380	5.052500
1.347187	5.044762
1.347996	5.078690
1.348805	5.220119
1.349616	5.126310
1.350427	5.199405
1.351240	5.246905
1.352053	5.092976
1.352868	5.168452
1.353684	5.059762
1.354501	4.960952
1.355318	4.864405
1.356137	4.876071
1.356957	4.933095
1.357778	4.964405
1.358600	4.966190
1.359424	4.935833
1.360248	4.992381
1.361073	4.954048
1.361900	4.924881
1.362727	4.870714
1.363556	4.966667
1.364385	4.903571
1.365216	4.982976
1.366048	4.897262
1.366881	4.956786
1.367715	4.909167
1.368550	4.788095
1.369386	4.931429
1.370223	4.965952
1.371061	5.081786
1.371901	5.133333
1.372742	5.272738
1.373583	5.345952
1.374426	5.307619
1.375270	5.275833
1.376115	5.179643
1.376961	5.268929
1.377808	5.252024
1.378657	5.271905
1.379506	5.323690
1.380357	5.376429
1.381208	5.271190
1.382061	5.216071
1.382915	5.129405
1.383770	5.202857
1.384627	5.158690
1.385484	5.192024
1.386342	5.193690
1.387202	5.095238
1.388063	5.042619
1.388925	5.155476
1.389788	5.167857
1.390652	5.152381
1.391518	5.026429
1.392384	5.031548
1.393252	5.067857
1.394121	5.243690
1.394991	5.207976
1.395862	5.185714
1.396734	5.246190
1.397608	5.277857
1.398482	5.263929
1.399358	5.315357
1.400235	5.441905
1.401113	5.507857
1.401993	5.434643
1.402873	5.449048
1.403755	5.439881
1.404638	5.426667
1.405522	5.609762
1.406408	5.665714
1.407294	5.531071
1.408182	5.508214
1.409071	5.405238
1.409961	5.456548
1.410852	5.434643
1.411745	5.389524
1.412638	5.199643
1.413533	5.178452
1.414429	5.234167
1.415327	5.193929
1.416225	5.199286
1.417125	5.272857
1.418026	5.278452
1.418928	5.249048
1.419832	5.223571
1.420736	5.296667
1.421642	5.274881
1.422549	5.198333
1.423458	5.320952
1.424368	5.207143
1.425278	5.264524
1.426190	5.245595
1.427104	5.242857
1.428018	5.335238
1.428934	5.299167
1.429851	5.401310
1.430770	5.397976
1.431689	5.449405
1.432610	5.359762
1.433533	5.379286
1.434456	5.397738
1.435381	5.317262
1.436307	5.291786
1.437234	5.390952
1.438162	5.308333
1.439092	5.241548
1.440023	5.172143
1.440956	5.201548
1.441889	5.338690
1.442824	5.183333
1.443761	5.202500
1.444698	5.073095
1.445637	5.104524
1.446577	5.179405
1.447518	5.193095
1.448461	5.149048
1.449405	5.035952
1.450351	5.005238
1.451297	5.002857
1.452245	5.070119
1.453195	5.082500
1.454145	5.122738
1.455097	5.203810
1.456051	5.168452
1.457005	5.113452
1.457961	5.195357
1.458918	5.292143
1.459877	5.305476
1.460837	5.334167
1.461798	5.190000
1.462761	5.209167
1.463725	5.119167
1.464690	5.137262
1.465657	5.114524
1.466625	5.106310
1.467595	5.085000
1.468566	5.203333
1.469538	5.193929
1.470511	5.169881
1.471486	5.175476
1.472462	5.115833
1.473440	5.154405
1.474419	5.092143
1.475400	4.998452
1.476381	4.969286
1.477365	4.923690
1.478349	4.871667
1.479335	4.810238
1.480323	4.792619
1.481312	4.687976
1.482302	4.808452
1.483293	4.779286
1.484286	4.856786
1.485281	4.834048
1.486277	4.807143
1.487274	4.806905
1.488273	4.736786
1.489273	4.666071
1.490274	4.715476
1.491277	4.801190
1.492282	4.816071
1.493288	4.895714
1.494295	4.839881
1.495304	4.917857
1.496314	5.072381
1.497325	5.119524
1.498339	5.237262
1.499353	5.259762
1.500369	5.403690
1.501387	5.407024
1.502406	5.571548
1.503426	5.355595
1.504448	5.411548
1.505471	5.371310
1.506496	5.450238
1.507522	5.470476
1.508550	5.449643
1.509579	5.528452
1.510610	5.488333
1.511642	5.500595
1.512676	5.507024
1.513711	5.561071
1.514748	5.583810
1.515787	5.476548
1.516826	5.301786
1.517868	5.225119
1.518910	5.240119
1.519955	5.088571
1.521001	4.987500
1.522048	4.882262
1.523097	4.964286
1.524147	4.841667
1.525199	4.987024
1.526253	4.998214
1.527308	4.924643
1.528364	4.926667
1.529423	4.868095
1.530482	4.822143
1.531544	4.855833
1.532606	4.871905
1.533671	4.816667
1.534737	4.807143
1.535804	4.710833
1.536873	4.702857
1.537944	4.793214
1.539016	4.981429
1.540090	4.987976
1.541166	4.915595
1.542243	4.927024
1.543321	4.992143
1.544401	4.928095
1.545483	4.880952
1.546567	5.031667
1.547652	5.128690
1.548738	5.202738
1.549827	5.362381
1.550916	5.380833
1.552008	5.524048
1.553101	5.546071
1.554196	5.501190
1.555292	5.500000
1.556390	5.462976
1.557490	5.385000
1.558591	5.479167
1.559694	5.447976
1.560799	5.481905
1.561905	5.368214
1.563013	5.250952
1.564122	5.337857
1.565234	5.331905
1.566347	5.377381
1.567461	5.434167
1.568577	5.445833
1.569695	5.362976
1.570815	5.330833
1.571936	5.314167
1.573059	5.154643
1.574184	5.085119
1.575310	5.009524
1.576438	4.994048
1.577568	5.120357
1.578700	5.069167
1.579833	5.082143
1.580968	5.111190
1.582105	5.069643
1.583243	5.076905
1.584383	5.116786
1.585525	5.215595
1.586669	5.322262
1.587814	5.274286
1.588961	5.282738
1.590110	5.273095
1.591260	5.160000
1.592413	5.037024
1.593567	5.029524
1.594723	4.897857
1.595880	4.929762
1.597040	4.988690
1.598201	5.016310
1.599364	4.962262
1.600529	4.957381
1.601695	4.820238
1.602864	4.919048
1.604034	5.031429
1.605206	5.017857
1.606380	4.957024
1.607555	5.109167
1.608733	4.990476
1.609912	4.894881
1.611093	4.897143
1.612276	4.877143
1.613460	4.988333
1.614647	5.030119
1.615835	5.062500
1.617025	5.156667
1.618218	5.209048
1.619411	5.327262
1.620607	5.148810
1.621805	5.151310
1.623004	5.110833
1.624206	5.201905
1.625409	5.249405
1.626614	5.294762
1.627821	5.250119
1.629030	5.193333
1.630241	5.239524
1.631453	5.280357
1.632668	5.166429
1.633884	5.234524
1.635103	5.284643
1.636323	5.276548
1.637545	5.360833
1.638769	5.277500
1.639996	5.210000
1.641224	5.207500
1.642453	5.191548
1.643685	5.105476
1.644919	5.036905
1.646155	5.192857
1.647393	5.174762
1.648632	5.168571
1.649874	5.246071
1.651118	5.360714
1.652363	5.253452
1.653611	5.296190
1.654860	5.188571
1.656112	5.286429
1.657365	5.387381
1.658621	5.383929
1.659878	5.310714
1.661138	5.343095
1.662399	5.292857
1.663663	5.222619
1.664929	5.257143
1.666196	5.278929
1.667466	5.306071
1.668737	5.406548
1.670011	5.376190
1.671287	5.421071
1.672565	5.278810
1.673845	5.341310
1.675126	5.407024
1.676410	5.298810
1.677696	5.094167
1.678985	5.257500
1.680275	5.298333
1.681567	5.490238
1.682861	5.404167
1.684158	5.273214
1.685456	5.191429
1.686757	5.195119
1.688060	5.108214
1.689365	5.163571
1.690672	5.209286
1.691981	5.279405
1.693292	5.299524
1.694605	5.312381
1.695921	5.182976
1.697239	5.327619
1.698558	5.362738
1.699880	5.440714
1.701205	5.453690
1.702531	5.479881
1.703859	5.447738
1.705190	5.632500
1.706523	5.557619
1.707858	5.520714
1.709195	5.319643
1.710534	5.340833
1.711876	5.383214
1.713220	5.503929
1.714566	5.527024
1.715914	5.589048
1.717264	5.590952
1.718617	5.573452
1.719972	5.483929
1.721329	5.535833
1.722689	5.649405
1.724050	5.634405
1.725414	5.531905
1.726780	5.504405
1.728149	5.496071
1.729520	5.423452
1.730893	5.395595
1.732268	5.351190
1.733645	5.275595
1.735025	5.283810
1.736408	5.272738
1.737792	5.456190
1.739179	5.332738
1.740568	5.374881
1.741959	5.282619
1.743353	5.268571
1.744749	5.167143
1.746148	5.196786
1.747549	5.231071
1.748952	5.358929
1.750357	5.211548
1.751765	5.107262
1.753175	5.224524
1.754588	5.305000
1.756003	5.217381
1.757420	5.220119
1.758840	5.239881
1.760262	5.332619
1.761687	5.414524
1.763114	5.444286
1.764543	5.444167
1.765975	5.410595
1.767410	5.334762
1.768846	5.477857
1.770286	5.490357
1.771727	5.568452
1.773171	5.692857
1.774618	5.838333
1.776067	5.810000
1.777518	5.754048
1.778972	5.655714
1.780429	5.749762
1.781888	5.669167
1.783349	5.675595
1.784813	5.614881
1.786280	5.712857
1.787749	5.727857
1.789220	5.710357
1.790694	5.686667
1.792171	5.642381
1.793650	5.631190
1.795132	5.673214
1.796616	5.650952
1.798103	5.679048
1.799592	5.688929
1.801084	5.776548
1.802579	5.743452
1.804076	5.627976
1.805576	5.500833
1.807078	5.425238
1.808583	5.470000
1.810090	5.505595
1.811601	5.615952
1.813114	5.769524
1.814629	5.703929
1.816147	5.676905
1.817668	5.686905
1.819191	5.746905
1.820717	5.849405
1.822246	5.716548
1.823778	5.739286
1.825312	5.636548
1.826849	5.583095
1.828388	5.635238
1.829930	5.666071
1.831475	5.617619
1.833023	5.531786
1.834574	5.523690
1.836127	5.690238
1.837683	5.848333
1.839241	5.931429
1.840803	6.005119
1.842367	5.959405
1.843934	5.921071
1.845504	5.991071
1.847076	5.990119
1.848651	6.039524
1.850230	6.055119
1.851810	6.067976
1.853394	5.995833
1.854981	6.140119
1.856570	6.153452
1.858162	6.284643
1.859758	6.354762
1.861356	6.365952
1.862956	6.420833
1.864560	6.418452
1.866167	6.299286
1.867776	6.263452
1.869388	6.124762
1.871004	6.010238
1.872622	6.002143
1.874243	5.939643
1.875867	5.859048
1.877494	5.844286
1.879124	5.819881
1.880756	6.002024
1.882392	5.981310
1.884031	5.984762
1.885673	6.034762
1.887317	6.126190
1.888965	6.151667
1.890616	6.226548
1.892269	6.171071
1.893926	6.202738
1.895586	6.144048
1.897249	6.034048
1.898914	6.112619
1.900583	6.156905
1.902255	6.247381
1.903930	6.320357
1.905608	6.357976
1.907289	6.402381
1.908973	6.389524
1.910661	6.575833
1.912351	6.602381
1.914045	6.514048
1.915741	6.386190
1.917441	6.424524
1.919144	6.588095
1.920850	6.506071
1.922559	6.529405
1.924271	6.433690
1.925987	6.438929
1.927706	6.454167
1.929428	6.473929
1.931153	6.525119
1.932881	6.546190
1.934613	6.548810
1.936347	6.670238
1.938085	6.761429
1.939826	6.776667
1.941571	6.925714
1.943319	6.918095
1.945070	6.978571
1.946824	6.951310
1.948582	6.982500
1.950343	7.280952
1.952107	7.353214
1.953874	7.519286
1.955645	7.419048
1.957419	7.636786
1.959197	7.723571
1.960978	7.843095
1.962762	7.873214
1.964550	8.046310
1.966341	8.060595
1.968135	8.227381
1.969933	8.277381
1.971734	8.298095
1.973539	8.499881
1.975347	8.611071
1.977158	8.807857
1.978973	8.867500
1.980792	8.978929
1.982614	9.152619
1.984439	9.257738
1.986268	9.342500
1.988100	9.311190
1.989936	9.515357
1.991775	9.477143
1.993618	9.724643
1.995465	9.812976
1.997315	9.967024
1.999168	10.185595
2.001025	10.357976
2.002886	10.631190
2.004751	10.849643
2.006618	11.074405
2.008490	11.427976
2.010365	11.752143
2.012244	11.869048
2.014126	12.091548
2.016012	12.290952
2.017902	12.569524
2.019796	12.872381
2.021693	13.100595
2.023594	13.316667
2.025498	13.713214
2.027406	14.003810
2.029318	14.264286
2.031234	14.767619
2.033153	15.063214
2.035077	15.380952
2.037004	15.753690
2.038934	16.136548
2.040869	16.692500
2.042807	17.081429
2.044749	17.620952
2.046696	17.993571
2.048645	18.546310
2.050599	19.021667
2.052557	19.573690
2.054518	20.101190
2.056483	20.574405
2.058453	21.097500
2.060426	21.839762
2.062403	22.394286
2.064384	23.101786
2.066369	23.795238
2.068358	24.551667
2.070350	25.414762
2.072347	26.102143
2.074348	26.996071
2.076353	27.923333
2.078362	28.764762
2.080375	29.736786
2.082392	30.629405
2.084412	31.583095
2.086438	32.537619
2.088467	33.638333
2.090500	34.605357
2.092537	35.781429
2.094578	36.923571
2.096624	38.259167
2.098674	39.694643
2.100727	41.234286
2.102785	42.532857
2.104847	44.166548
2.106914	45.834405
2.108984	47.326786
2.111059	48.998690
2.113138	50.743452
2.115221	52.511905
2.117308	54.337024
2.119400	56.246786
2.121496	58.281429
2.123596	60.360595
2.125701	62.499524
2.127810	64.855952
2.129923	67.317024
2.132041	69.823929
2.134162	72.406786
2.136289	75.006786
2.138419	77.792976
2.140554	80.313214
2.142694	83.010714
2.144838	85.615357
2.146986	88.553690
2.149139	91.391786
2.151296	94.115000
2.153458	97.097976
2.155624	99.992500
2.157795	102.634643
2.159970	105.563333
2.162150	108.422381
2.164334	111.089048
2.166523	113.818214
2.168716	116.417143
2.170914	118.847262
2.173117	121.185714
2.175324	123.214048
2.177536	125.218571
2.179753	126.950476
2.181974	128.583333
2.184200	129.811310
2.186430	131.050357
2.188665	132.126786
2.190905	132.902857
2.193150	133.366667
2.195400	133.427143
2.197654	133.443333
2.199913	132.990357
2.202177	132.147500
2.204445	131.127738
2.206719	129.830119
2.208997	128.203571
2.211280	126.396190
2.213568	124.125238
2.215861	121.768810
2.218159	119.271667
2.220462	116.253095
2.222769	113.202976
2.225082	109.858571
2.227400	106.474643
2.229722	102.905833
2.232050	99.239048
2.234382	95.429881
2.236720	91.422262
2.239063	87.518333
2.241410	83.350714
2.243763	79.302619
2.246121	75.246786
2.248484	71.203095
2.250852	67.429762
2.253225	63.873214
2.255604	60.195476
2.257987	56.479881
2.260376	52.922619
2.262770	49.753929
2.265170	46.336429
2.267574	43.128333
2.269984	40.255357
2.272399	37.440952
2.274819	34.963333
2.277245	32.574167
2.279676	30.258095
2.282112	28.140357
2.284554	26.287262
2.287001	24.466786
2.289454	22.796905
2.291912	21.364405
2.294375	20.058810
2.296844	18.792500
2.299318	17.798929
2.301798	16.682381
2.304283	15.609405
2.306774	14.612143
2.309271	13.911667
2.311773	13.301548
2.314280	12.550833
2.316793	12.012381
2.319312	11.542857
2.321837	11.022738
2.324367	10.619405
2.326902	10.151905
2.329444	9.791548
2.331991	9.380952
2.334544	9.077381
2.337103	8.697024
2.339667	8.461310
2.342237	8.141905
2.344813	7.821429
2.347395	7.562143
2.349983	7.373929
2.352577	7.105238
2.355176	6.999881
2.357782	6.643452
2.360393	6.571786
2.363010	6.516190
2.365634	6.327262
2.368263	6.146429
2.370898	6.010714
2.373540	5.890595
2.376187	5.794643
2.378841	5.818690
2.381500	5.676786
2.384166	5.614405
2.386838	5.633571
2.389516	5.604524
2.392200	5.587738
2.394890	5.553214
2.397587	5.495476
2.400290	5.482262
2.402999	5.525714
2.405714	5.536786
2.408436	5.480119
2.411164	5.377381
2.413899	5.488690
2.416639	5.454048
2.419387	5.382143
2.422140	5.420714
2.424900	5.570119
2.427667	5.707500
2.430440	5.697857
2.433219	5.776905
2.436006	5.689167
2.438798	5.691429
2.441597	5.661310
2.444403	5.625476
2.447216	5.774167
2.450035	5.702143
2.452861	5.548214
2.455693	5.638214
2.458532	5.751429
2.461378	5.816905
2.464231	5.747381
2.467090	5.753333
2.469957	5.869167
2.472830	5.946667
2.475710	5.993452
2.478597	5.927143
2.481491	6.076429
2.484392	5.949762
2.487299	5.810000
2.490214	5.803095
2.493136	5.748095
2.496065	5.795119
2.499001	5.981310
2.501944	5.956429
2.504894	5.945595
2.507851	5.812619
2.510816	5.865000
2.513787	6.015714
2.516766	5.975000
2.519752	5.901310
2.522745	5.779286
2.525746	5.852024
2.528754	5.888333
2.531769	5.801667
2.534792	5.781548
2.537822	5.671905
2.540860	5.665000
2.543905	5.558095
2.546958	5.599762
2.550018	5.661310
2.553085	5.696667
2.556160	5.575714
2.559243	5.491310
2.562334	5.285476
2.565432	5.361429
2.568537	5.321071
2.571651	5.248452
2.574772	5.232738
2.577901	5.258690
2.581038	5.306667
2.584182	5.331786
2.587335	5.281310
2.590495	5.315476
2.593664	5.321071
2.596840	5.374286
2.600024	5.447619
2.603216	5.532619
2.606416	5.539286
2.609625	5.491190
2.612841	5.472738
2.616066	5.493333
2.619298	5.495000
2.622539	5.595595
2.625789	5.613333
2.629046	5.751310
2.632312	5.645119
2.635586	5.732857
2.638868	5.731190
2.642159	5.717738
2.645458	5.711190
2.648765	5.616786
2.652081	5.582619
2.655406	5.643690
2.658739	5.611429
2.662081	5.594524
2.665431	5.640714
2.668790	5.501786
2.672157	5.398810
2.675534	5.417976
2.678919	5.481310
2.682313	5.567857
2.685715	5.518929
2.689127	5.517500
2.692547	5.500238
2.695976	5.548095
2.699415	5.512262
2.702862	5.548810
2.706318	5.481786
2.709783	5.570833
2.713258	5.560595
2.716741	5.475476
2.720234	5.510833
2.723736	5.620119
2.727247	5.613214
2.730767	5.582262
2.734297	5.600238
2.737836	5.539405
2.741384	5.632143
2.744942	5.764286
2.748509	5.777738
2.752086	5.682381
2.755672	5.582976
2.759268	5.493690
2.762873	5.438452
2.766488	5.444762
2.770113	5.440357
2.773748	5.335952
2.777392	5.336310
2.781046	5.389167
2.784710	5.392857
2.788383	5.440238
2.792067	5.436310
2.795761	5.462024
2.799464	5.457738
2.803178	5.555476
2.806902	5.513690
2.810636	5.444048
2.814380	5.422024
2.818134	5.409762
2.821898	5.326071
2.825673	5.307738
2.829458	5.357976
2.833254	5.414881
2.837059	5.451071
2.840876	5.529762
2.844703	5.510833
2.848540	5.489524
2.852388	5.489405
2.856247	5.407143
2.860116	5.392143
2.863996	5.297381
2.867886	5.398571
2.871788	5.387024
2.875700	5.269405
2.879624	5.098571
2.883558	5.065595
2.887503	5.108095
2.891459	5.128929
2.895427	5.123810
2.899405	5.030714
2.903395	4.992857
2.907396	4.959524
2.911408	5.091310
2.915431	4.969286
2.919466	5.097738
2.923512	5.087857
2.927570	5.023929
2.931639	4.960952
2.935720	5.136786
2.939812	5.176071
2.943916	5.150833
2.948032	5.221071
2.952160	5.109524
2.956299	5.107024
2.960450	5.290595
2.964613	5.408810
2.968788	5.206786
2.972975	5.156905
2.977174	5.080595
2.981385	5.204643
2.985609	5.214881
2.989844	5.280595
2.994092	5.275952
2.998352	5.090833
3.002625	5.182738
3.006910	5.192381
3.011207	5.248929
3.015517	5.368571
3.019840	5.493571
3.024175	5.326190
3.028523	5.348810
3.032884	5.347976
3.037257	5.438810
3.041644	5.515119
3.046043	5.550714
3.050455	5.598452
3.054881	5.533095
3.059319	5.763810
3.063771	5.849762
3.068236	5.977738
3.072714	5.880714
3.077205	5.869881
3.081710	5.752024
3.086229	5.734405
3.090760	5.770952
3.095306	5.873333
3.099865	5.864762
3.104438	5.721905
3.109024	5.672738
3.113625	5.572024
3.118239	5.709286
3.122867	5.666667
3.127509	5.718452
3.132166	5.786905
3.136836	5.722381
3.141521	5.755357
3.146220	5.675595
3.150933	5.649762
3.155660	5.587381
3.160403	5.578690
3.165159	5.632262
3.169930	5.674048
3.174716	5.703452
3.179517	5.784167
3.184332	5.837262
3.189163	5.856786
3.194008	5.690476
3.198868	5.662619
3.203744	5.653095
3.208634	5.597619
3.213540	5.678333
3.218461	5.654524
3.223397	5.757857
3.228349	5.812024
3.233316	5.699167
3.238299	5.749048
3.243298	5.628929
3.248312	5.638095
3.253342	5.509286
3.258388	5.458452
3.263450	5.455357
3.268528	5.386310
3.273622	5.238929
3.278732	5.284405
3.283858	5.396429
3.289001	5.377619
3.294160	5.354405
3.299336	5.543452
3.304528	5.495833
3.309737	5.562381
3.314962	5.628333
3.320205	5.496071
3.325464	5.564286
3.330740	5.444524
3.336034	5.338690
3.341344	5.279524
3.346672	5.146667
3.352017	5.279405
3.357379	5.175833
3.362759	5.262976
3.368156	5.290119
3.373571	5.220000
3.379004	5.237262
3.384454	5.344643
3.389923	5.288452
3.395409	5.163333
3.400914	5.164524
3.406437	5.105000
3.411977	5.030833
3.417537	5.068571
3.423114	5.114762
3.428711	5.007143
3.434326	5.110595
3.439959	4.961548
3.445612	4.993571
3.451283	5.009167
3.456973	5.006667
3.462683	5.074048
3.468411	5.028690
3.474159	5.002500
3.479926	5.037619
3.485713	5.080833
3.491519	5.072857
3.497346	5.008452
3.503191	5.062857
3.509057	5.087500
3.514943	5.158452
3.520848	5.212500
3.526774	5.253810
3.532721	5.176905
3.538687	5.141310
3.544674	5.022857
3.550682	5.159762
3.556710	5.129286
3.562760	5.145000
3.568830	5.152619
3.574921	5.237619
3.581033	5.228452
3.587167	5.243214
3.593322	5.266429
3.599498	5.337143
3.605696	5.427976
3.611916	5.468095
3.618158	5.504167
3.624421	5.659524
3.630707	5.635238
3.637015	5.750952
3.643344	5.689524
3.649697	5.583929
3.656072	5.560476
3.662469	5.537738
3.668890	5.440476
3.675333	5.620833
3.681799	5.626786
3.688288	5.595476
3.694801	5.588810
3.701337	5.598452
3.707896	5.448095
3.714479	5.368095
3.721086	5.318214
3.727717	5.275238
3.734371	5.334524
3.741050	5.178810
3.747753	5.075595
3.754481	5.111905
3.761233	4.954762
3.768010	4.947381
3.774811	4.823571
3.781638	4.872262
3.788489	5.035714
3.795366	5.091429
3.802268	5.097738
3.809196	5.313333
3.816149	5.284881
3.823128	5.260833
3.830133	5.335357
3.837164	5.323690
3.844221	5.356429
3.851305	5.365000
3.858415	5.378452
3.865552	5.437381
3.872716	5.432262
3.879906	5.370119
3.887124	5.476429
3.894369	5.498095
3.901641	5.563929
3.908941	5.681190
3.916269	5.710476
3.923625	5.713810
3.931008	5.788810
3.938420	5.741190
3.945860	5.801429
3.953329	5.857619
3.960827	5.702262
3.968353	5.634762
3.975908	5.541667
3.983493	5.524286
3.991107	5.554524
3.998750	5.445357
4.006423	5.438214
4.014127	5.519405
4.021860	5.442857
4.029623	5.545595
4.037417	5.618452
4.045241	5.641310
4.053096	5.582024
4.060983	5.499286
4.068900	5.438810
4.076848	5.382024
4.084829	5.411429
4.092840	5.355595
4.100884	5.212262
4.108960	5.106905
4.117068	4.947024
4.125208	5.093690
4.133381	5.042381
4.141587	5.131310
4.149826	5.125595
4.158099	5.070833
4.166404	5.141310
4.174744	5.264167
4.183117	5.347738
4.191524	5.387262
4.199966	5.260476
4.208442	5.170952
4.216953	5.135238
4.225498	5.245476
4.234079	5.272500
4.242695	5.229405
4.251347	5.292976
4.260035	5.374524
4.268758	5.416071
4.277518	5.666310
4.286314	5.689881
4.295147	5.836786
4.304017	5.753333
4.312923	5.777143
4.321868	5.812738
4.330850	5.857024
4.339869	5.971071
4.348927	6.030595
4.358023	5.939286
4.367158	5.803095
4.376331	5.811429
4.385544	5.818929
4.394796	5.732262
4.404087	5.811786
4.413419	5.752143
4.422790	5.686071
4.432202	5.787024
4.441654	5.642381
4.451147	5.557262
4.460681	5.537143
4.470257	5.302500
4.479874	5.240952
4.489533	5.310476
4.499235	5.359048
4.508979	5.247262
4.518765	5.236786
4.528595	5.203929
4.538468	5.122976
4.548385	5.104167
4.558345	5.172619
4.568350	5.184524
4.578399	5.175238
4.588494	5.235595
4.598633	5.368571
4.608817	5.303095
4.619047	5.319167
4.629324	5.352262
4.639646	5.276548
4.650015	5.360000
4.660431	5.368214
4.670895	5.349286
4.681406	5.362500
4.691965	5.400119
4.702572	5.304405
4.713227	5.230833
4.723932	5.369762
4.734686	5.332500
4.745489	5.307024
4.756342	5.298810
4.767246	5.395714
4.778200	5.337143
4.789205	5.511548
4.800262	5.526071
4.811370	5.455833
4.822530	5.401071
4.833743	5.444405
4.845008	5.455119
4.856327	5.443333
4.867699	5.472024
4.879125	5.572976
4.890605	5.538690
4.902140	5.421905
4.913730	5.522619
4.925376	5.562024
4.937077	5.603929
4.948835	5.538571
4.960649	5.557381
4.972521	5.589286
4.984450	5.545357
4.996437	5.652024
5.008482	5.484286
5.020586	5.464524
5.032749	5.340238
5.044972	5.315238
5.057255	5.416905
5.069599	5.353095
5.082003	5.352500
5.094469	5.420119
5.106997	5.449405
5.119587	5.329762
5.132240	5.161429
5.144956	5.309762
5.157736	5.501905
5.170580	5.543929
5.183489	5.511548
5.196463	5.408214
5.209503	5.596310
5.222609	5.571548
5.235782	5.634762
5.249022	5.754524
5.262329	5.803452
5.275705	5.948810
5.289150	5.971429
5.302664	6.055000
5.316248	6.193214
5.329902	6.106190
5.343627	6.062381
5.357424	6.073690
5.371293	6.050476
5.385234	5.971667
5.399249	6.190833
5.413337	6.236786
5.427500	6.174881
5.441737	6.110714
5.456051	6.018690
5.470440	5.913452
5.484906	5.984762
5.499449	5.929643
5.514071	5.971667
5.528771	5.826548
5.543550	5.767381
5.558409	5.651548
5.573349	5.611190
5.588370	5.669048
5.603473	5.550833
5.618658	5.577262
5.633926	5.661905
5.649279	5.896548
5.664716	5.899405
5.680238	5.828929
5.695846	5.871786
5.711541	5.787024
5.727323	5.773095
5.743194	5.872976
5.759153	5.810357
5.775203	5.895119
5.791342	5.969762
5.807573	5.928810
5.823895	5.870357
5.840311	5.857738
5.856820	5.881071
5.873423	5.836786
5.890121	5.861190
5.906916	5.816548
5.923807	5.815000
5.940795	5.842857
5.957883	5.760000
5.975069	5.637143
5.992356	5.577381
6.009744	5.499167
6.027234	5.473690
6.044826	4.890000
6.062523	6.135000
6.080324	5.585000
6.098230	6.095000
6.116244	5.490000
6.134365	6.612500
6.152594	3.907500
6.170933	6.747500
6.189382	4.657500
6.207943	4.155000
