LED : RED
k   x_R x_L
1   174 434
2   110 491
3   70  534
4   35  572
5   0   603

LED : ORANGE
k   x_R x_L
1   179 427
2   117 486
3   73  527
4   36  563
5   6   596

LED : YELLOW
k   x_R x_L
1   198 412
2   131 468
3   84  516
4   41  550
5   12  582

LED : YELLOW-GREEN
k   x_R x_L
1   191 403
2   132 466
3   87  511
4   50  549
5   21  576

LED : GREEN 1
k   x_R x_L
1   197 399
2   140 458
3   96  504
4   60  538
5   29  569

LED : GREEN 2
k   x_R x_L
1   194 406
2   139 461
3   96  503
4   64  540
5   28  571

LED : BLUE
k   x_R x_L
1   206 394
2   146 445
3   101 487
4   68  521
5   37  551

MERANIE 1

LED : RED
k   x_R x_L
1   192 409
2   127 481
3   77  522
4   42  561
5   8   593

LED : ORANGE
k   x_R x_L
1   189 408
2   127 473
3   79  518
4   45  553
5   13  586
