%% INTEG 5.0 AVG 100.0 SMOOTH 10
1.000060	6.795000
1.000479	6.072500
1.000898	7.225000
1.001318	4.440000
1.001738	5.560000
1.002158	3.875000
1.002579	9.087500
1.003000	5.445000
1.003422	7.342500
1.003844	6.065238
1.004266	6.025714
1.004689	5.946429
1.005112	5.986905
1.005536	5.949167
1.005960	6.086905
1.006384	6.096786
1.006809	6.267738
1.007235	6.094643
1.007660	6.133095
1.008086	6.029167
1.008513	6.082500
1.008940	6.005238
1.009367	5.992381
1.009795	5.996429
1.010223	6.068095
1.010652	5.997857
1.011081	5.977143
1.011510	6.105595
1.011940	6.201905
1.012370	6.101905
1.012801	6.218690
1.013232	6.283810
1.013664	6.408095
1.014095	6.403214
1.014528	6.347381
1.014960	6.296429
1.015394	6.217500
1.015827	6.266190
1.016261	6.277024
1.016696	6.325595
1.017131	6.424405
1.017566	6.340238
1.018001	6.314048
1.018438	6.374881
1.018874	6.383214
1.019311	6.396310
1.019748	6.324405
1.020186	6.471071
1.020625	6.482738
1.021063	6.486310
1.021502	6.490595
1.021942	6.400833
1.022382	6.428571
1.022822	6.277976
1.023263	6.178214
1.023704	6.234167
1.024146	6.298929
1.024588	6.333214
1.025031	6.264286
1.025474	6.303452
1.025917	6.328452
1.026361	6.260357
1.026805	6.333690
1.027250	6.324524
1.027695	6.302143
1.028141	6.387619
1.028587	6.387857
1.029033	6.502857
1.029480	6.382500
1.029927	6.304881
1.030375	6.183690
1.030823	6.336429
1.031272	6.353333
1.031721	6.347857
1.032171	6.481071
1.032621	6.590357
1.033071	6.629881
1.033522	6.518690
1.033973	6.605000
1.034425	6.442857
1.034877	6.406905
1.035330	6.357024
1.035783	6.327738
1.036237	6.293810
1.036691	6.314524
1.037145	6.302619
1.037600	6.313214
1.038055	6.313452
1.038511	6.353095
1.038967	6.302500
1.039424	6.288214
1.039881	6.345952
1.040339	6.215833
1.040797	6.212143
1.041255	6.168452
1.041714	6.152857
1.042174	6.145476
1.042634	6.170119
1.043094	6.278571
1.043555	6.266310
1.044016	6.424524
1.044478	6.459167
1.044940	6.421190
1.045403	6.380000
1.045866	6.432976
1.046329	6.358095
1.046793	6.313690
1.047258	6.285714
1.047723	6.454524
1.048188	6.355357
1.048654	6.481905
1.049121	6.505357
1.049588	6.533571
1.050055	6.498571
1.050523	6.465714
1.050991	6.473214
1.051460	6.458095
1.051929	6.403452
1.052398	6.322262
1.052869	6.215833
1.053339	6.253214
1.053810	6.217024
1.054282	6.171429
1.054754	6.195595
1.055226	6.406429
1.055699	6.355000
1.056173	6.483571
1.056647	6.560952
1.057121	6.620476
1.057596	6.604643
1.058071	6.557143
1.058547	6.528214
1.059023	6.575357
1.059500	6.617857
1.059978	6.626905
1.060455	6.584643
1.060934	6.545595
1.061412	6.559048
1.061892	6.610357
1.062371	6.655357
1.062851	6.714643
1.063332	6.709643
1.063813	6.656190
1.064295	6.675952
1.064777	6.590238
1.065260	6.554167
1.065743	6.535357
1.066227	6.499762
1.066711	6.424048
1.067195	6.385595
1.067680	6.223571
1.068166	6.236190
1.068652	6.227738
1.069139	6.221190
1.069626	6.064405
1.070113	6.074643
1.070601	6.063452
1.071090	6.067619
1.071579	6.005595
1.072069	5.957738
1.072559	5.939405
1.073049	5.863095
1.073540	5.870357
1.074032	5.944524
1.074524	6.001548
1.075017	6.056905
1.075510	6.040119
1.076003	6.112262
1.076498	6.140952
1.076992	6.192500
1.077487	6.209048
1.077983	6.287262
1.078479	6.277738
1.078976	6.166429
1.079473	6.222143
1.079971	6.289881
1.080469	6.344286
1.080968	6.467024
1.081467	6.428929
1.081967	6.507976
1.082467	6.475476
1.082968	6.407619
1.083469	6.503214
1.083971	6.459167
1.084473	6.446786
1.084976	6.457381
1.085479	6.516786
1.085983	6.470714
1.086488	6.436429
1.086993	6.477143
1.087498	6.606905
1.088004	6.559405
1.088511	6.571786
1.089018	6.618571
1.089525	6.786667
1.090033	6.663452
1.090542	6.648214
1.091051	6.715357
1.091561	6.739405
1.092071	6.710595
1.092582	6.622619
1.093093	6.770833
1.093605	6.813333
1.094117	6.763214
1.094630	6.779286
1.095144	6.851905
1.095658	6.732500
1.096172	6.735119
1.096687	6.674881
1.097203	6.648333
1.097719	6.512024
1.098236	6.441667
1.098753	6.449048
1.099271	6.397976
1.099789	6.379524
1.100308	6.416667
1.100827	6.533095
1.101347	6.510357
1.101868	6.454048
1.102389	6.430000
1.102910	6.475000
1.103432	6.532976
1.103955	6.443690
1.104478	6.429643
1.105002	6.415952
1.105526	6.514405
1.106051	6.442381
1.106577	6.553810
1.107103	6.511190
1.107629	6.468571
1.108156	6.529048
1.108684	6.632024
1.109212	6.541548
1.109741	6.520357
1.110270	6.537024
1.110800	6.517381
1.111331	6.310119
1.111862	6.238214
1.112393	6.329643
1.112925	6.233690
1.113458	6.166071
1.113991	6.202024
1.114525	6.142381
1.115060	6.110357
1.115595	6.227262
1.116130	6.260476
1.116666	6.206429
1.117203	6.155476
1.117740	6.077738
1.118278	6.127619
1.118817	6.262738
1.119356	6.267976
1.119895	6.240476
1.120436	6.201548
1.120976	6.171548
1.121518	6.160952
1.122059	6.194286
1.122602	6.253810
1.123145	6.235595
1.123689	6.254881
1.124233	6.307143
1.124778	6.256905
1.125323	6.239048
1.125869	6.338452
1.126416	6.364405
1.126963	6.269405
1.127511	6.251905
1.128059	6.132500
1.128608	6.261429
1.129157	6.194643
1.129707	6.129643
1.130258	6.267857
1.130810	6.285357
1.131361	6.334524
1.131914	6.427381
1.132467	6.432857
1.133021	6.457738
1.133575	6.473571
1.134130	6.453214
1.134685	6.518333
1.135241	6.492857
1.135798	6.473214
1.136355	6.634524
1.136913	6.647500
1.137472	6.552143
1.138031	6.643333
1.138591	6.720119
1.139151	6.739048
1.139712	6.833214
1.140274	6.752381
1.140836	6.800595
1.141399	6.820833
1.141962	6.655833
1.142526	6.644405
1.143091	6.620000
1.143656	6.599048
1.144222	6.609167
1.144788	6.538452
1.145355	6.536190
1.145923	6.569643
1.146491	6.567738
1.147060	6.675119
1.147630	6.773214
1.148200	6.760714
1.148771	6.694167
1.149342	6.735595
1.149914	6.690357
1.150487	6.621310
1.151061	6.577381
1.151635	6.578929
1.152209	6.569643
1.152784	6.617024
1.153360	6.632500
1.153937	6.622143
1.154514	6.592500
1.155092	6.457857
1.155670	6.523452
1.156249	6.612857
1.156829	6.672024
1.157409	6.598690
1.157990	6.552143
1.158572	6.556190
1.159154	6.449524
1.159737	6.431190
1.160321	6.469881
1.160905	6.623690
1.161490	6.636310
1.162075	6.681190
1.162661	6.661548
1.163248	6.624048
1.163836	6.615119
1.164424	6.558333
1.165013	6.613452
1.165602	6.627262
1.166192	6.606786
1.166783	6.637143
1.167374	6.719048
1.167966	6.818333
1.168559	6.787857
1.169152	6.765833
1.169746	6.884048
1.170341	6.991548
1.170936	6.956310
1.171532	6.869167
1.172129	6.824048
1.172727	6.732024
1.173325	6.654167
1.173923	6.746190
1.174523	6.693452
1.175123	6.739762
1.175723	6.934167
1.176325	6.861905
1.176927	7.042619
1.177530	7.016667
1.178133	6.986905
1.178737	7.012976
1.179342	6.981190
1.179948	6.969405
1.180554	6.841667
1.181161	6.760833
1.181768	6.852976
1.182376	6.811429
1.182985	6.850595
1.183595	6.930357
1.184205	7.039167
1.184816	7.064405
1.185428	7.075238
1.186040	7.042619
1.186653	6.969048
1.187267	6.977143
1.187881	6.932976
1.188497	6.855595
1.189112	7.003571
1.189729	6.898333
1.190346	7.009405
1.190964	7.090357
1.191583	7.164762
1.192202	7.229643
1.192822	7.240833
1.193443	7.190000
1.194064	7.237381
1.194687	7.227738
1.195310	7.185833
1.195933	7.142143
1.196557	7.123810
1.197183	7.180714
1.197808	7.164286
1.198435	7.252024
1.199062	7.357738
1.199690	7.409881
1.200318	7.312381
1.200948	7.255833
1.201578	7.280833
1.202209	7.195714
1.202840	7.180833
1.203472	7.075238
1.204105	7.106310
1.204739	7.094167
1.205374	7.083571
1.206009	7.130000
1.206645	7.191429
1.207281	7.264524
1.207919	7.237976
1.208557	7.286548
1.209195	7.311190
1.209835	7.319167
1.210475	7.278571
1.211116	7.248452
1.211758	7.179167
1.212401	7.125714
1.213044	7.152738
1.213688	7.186548
1.214333	7.347976
1.214978	7.307381
1.215625	7.304762
1.216272	7.382500
1.216919	7.382738
1.217568	7.298690
1.218217	7.360833
1.218867	7.361429
1.219518	7.335595
1.220170	7.344524
1.220822	7.232976
1.221475	7.323214
1.222129	7.486905
1.222784	7.501786
1.223439	7.515833
1.224095	7.570595
1.224752	7.717619
1.225410	7.797738
1.226068	7.922619
1.226727	7.944048
1.227387	8.079762
1.228048	8.018929
1.228710	8.057619
1.229372	8.065833
1.230035	8.126429
1.230699	8.230119
1.231364	8.319405
1.232029	8.270476
1.232695	8.274048
1.233362	8.434048
1.234030	8.547262
1.234699	8.739643
1.235368	8.680476
1.236038	8.584048
1.236709	8.565833
1.237381	8.621071
1.238054	8.707976
1.238727	8.808690
1.239401	8.838571
1.240076	8.821905
1.240752	8.937857
1.241428	8.934048
1.242106	9.079405
1.242784	9.225238
1.243463	9.386190
1.244143	9.482262
1.244823	9.538690
1.245504	9.620714
1.246187	9.755476
1.246870	9.892976
1.247554	9.942262
1.248238	10.015119
1.248924	10.167738
1.249610	10.288214
1.250297	10.423452
1.250985	10.724286
1.251674	10.900714
1.252363	10.997976
1.253054	11.157143
1.253745	11.316786
1.254437	11.443571
1.255130	11.532024
1.255823	11.743810
1.256518	11.947143
1.257213	12.098452
1.257910	12.266190
1.258607	12.456190
1.259305	12.668810
1.260003	12.995952
1.260703	13.093333
1.261403	13.263452
1.262105	13.538452
1.262807	13.776667
1.263510	13.989881
1.264213	14.207857
1.264918	14.424643
1.265624	14.585952
1.266330	14.702024
1.267037	14.910476
1.267745	15.048690
1.268454	15.264405
1.269164	15.384286
1.269875	15.544286
1.270586	15.733690
1.271299	15.927500
1.272012	16.090714
1.272726	16.471667
1.273441	16.733452
1.274157	17.016667
1.274874	17.150119
1.275591	17.461071
1.276310	17.878810
1.277029	18.174167
1.277749	18.514405
1.278470	18.775952
1.279193	19.172381
1.279915	19.617381
1.280639	19.895000
1.281364	20.399881
1.282089	20.868810
1.282816	21.322976
1.283543	21.840595
1.284271	22.296786
1.285001	22.647976
1.285731	23.166429
1.286461	23.551190
1.287193	24.095833
1.287926	24.546905
1.288660	24.978929
1.289394	25.433571
1.290130	25.956190
1.290866	26.487024
1.291603	26.957024
1.292341	27.358095
1.293080	27.914762
1.293820	28.468571
1.294561	29.011190
1.295303	29.592024
1.296046	30.237976
1.296790	30.712857
1.297534	31.234405
1.298280	31.858690
1.299026	32.362143
1.299773	33.119762
1.300522	33.982738
1.301271	34.537500
1.302021	35.217738
1.302772	35.830714
1.303524	36.391429
1.304277	37.037500
1.305031	37.693810
1.305786	38.392738
1.306542	39.086548
1.307298	39.790833
1.308056	40.575595
1.308815	41.345595
1.309574	42.077381
1.310335	42.799286
1.311096	43.387024
1.311859	44.227619
1.312622	45.036429
1.313387	45.818929
1.314152	46.590119
1.314918	47.313452
1.315685	47.891786
1.316454	48.530714
1.317223	49.373095
1.317993	50.189643
1.318764	50.814524
1.319536	51.514167
1.320309	52.161905
1.321083	52.671310
1.321858	53.305833
1.322634	53.940000
1.323411	54.407857
1.324189	54.878214
1.324968	55.062024
1.325748	55.340595
1.326529	55.625238
1.327311	55.874524
1.328094	55.991429
1.328878	56.138810
1.329663	56.072381
1.330449	56.032262
1.331236	55.965714
1.332024	56.004762
1.332813	55.902619
1.333603	55.602262
1.334394	55.317500
1.335186	55.087024
1.335978	54.694881
1.336772	54.296786
1.337567	53.938095
1.338363	53.423929
1.339160	52.795952
1.339959	52.201667
1.340758	51.619048
1.341558	51.029405
1.342359	50.264762
1.343161	49.464524
1.343964	48.783333
1.344768	48.057024
1.345574	47.296310
1.346380	46.494286
1.347187	45.551786
1.347996	44.752500
1.348805	43.909524
1.349616	42.950119
1.350427	42.045238
1.351240	41.118333
1.352053	40.201071
1.352868	39.192619
1.353684	38.245833
1.354501	37.385952
1.355318	36.361786
1.356137	35.435952
1.356957	34.508929
1.357778	33.535357
1.358600	32.643929
1.359424	31.733929
1.360248	30.957976
1.361073	30.035119
1.361900	29.064048
1.362727	27.989881
1.363556	27.178452
1.364385	26.334762
1.365216	25.567857
1.366048	24.790000
1.366881	24.094762
1.367715	23.344643
1.368550	22.610595
1.369386	21.882143
1.370223	21.210000
1.371061	20.552500
1.371901	19.878333
1.372742	19.341071
1.373583	18.807500
1.374426	18.237738
1.375270	17.609405
1.376115	17.046190
1.376961	16.649405
1.377808	16.038333
1.378657	15.571786
1.379506	15.002381
1.380357	14.738214
1.381208	14.316429
1.382061	13.857024
1.382915	13.398929
1.383770	12.954643
1.384627	12.457619
1.385484	12.301310
1.386342	11.965595
1.387202	11.614286
1.388063	11.404643
1.388925	11.131667
1.389788	10.855833
1.390652	10.564167
1.391518	10.190714
1.392384	9.969286
1.393252	9.826310
1.394121	9.709167
1.394991	9.507738
1.395862	9.412381
1.396734	9.314048
1.397608	9.281071
1.398482	9.062500
1.399358	8.926429
1.400235	9.005952
1.401113	8.913452
1.401993	8.761310
1.402873	8.657619
1.403755	8.372619
1.404638	8.272143
1.405522	8.324167
1.406408	8.138333
1.407294	8.097024
1.408182	8.011667
1.409071	7.899048
1.409961	7.885952
1.410852	7.734048
1.411745	7.664405
1.412638	7.505357
1.413533	7.420714
1.414429	7.323214
1.415327	7.276667
1.416225	7.270833
1.417125	7.255238
1.418026	7.185476
1.418928	7.008214
1.419832	7.012738
1.420736	7.086786
1.421642	7.008929
1.422549	7.002976
1.423458	7.030000
1.424368	6.942143
1.425278	6.918690
1.426190	6.815238
1.427104	6.725238
1.428018	6.654048
1.428934	6.717619
1.429851	6.746548
1.430770	6.736190
1.431689	6.680714
1.432610	6.723214
1.433533	6.756429
1.434456	6.663214
1.435381	6.524286
1.436307	6.569048
1.437234	6.682143
1.438162	6.762857
1.439092	6.537738
1.440023	6.450952
1.440956	6.467857
1.441889	6.434048
1.442824	6.316548
1.443761	6.339405
1.444698	6.433452
1.445637	6.521190
1.446577	6.645119
1.447518	6.836548
1.448461	6.764405
1.449405	6.845833
1.450351	6.839167
1.451297	6.866548
1.452245	6.813452
1.453195	6.840000
1.454145	6.925833
1.455097	6.912738
1.456051	6.815595
1.457005	6.763214
1.457961	6.731429
1.458918	6.906786
1.459877	6.849167
1.460837	6.942619
1.461798	6.951071
1.462761	6.970000
1.463725	6.847143
1.464690	6.760595
1.465657	6.595714
1.466625	6.447262
1.467595	6.344762
1.468566	6.364881
1.469538	6.348214
1.470511	6.290595
1.471486	6.328333
1.472462	6.251667
1.473440	6.272143
1.474419	6.266786
1.475400	6.256071
1.476381	6.136548
1.477365	6.158452
1.478349	6.185000
1.479335	6.194286
1.480323	6.339524
1.481312	6.304881
1.482302	6.352857
1.483293	6.247024
1.484286	6.315238
1.485281	6.296190
1.486277	6.470238
1.487274	6.526190
1.488273	6.522619
1.489273	6.554881
1.490274	6.476190
1.491277	6.497262
1.492282	6.417500
1.493288	6.599643
1.494295	6.555476
1.495304	6.516905
1.496314	6.687500
1.497325	6.806190
1.498339	6.780952
1.499353	6.713333
1.500369	6.772976
1.501387	6.741786
1.502406	6.838452
1.503426	6.753214
1.504448	6.905357
1.505471	6.901786
1.506496	6.964048
1.507522	6.871786
1.508550	6.930238
1.509579	6.945238
1.510610	6.944167
1.511642	7.127857
1.512676	7.214286
1.513711	7.298690
1.514748	7.151310
1.515787	7.038571
1.516826	6.988810
1.517868	6.877143
1.518910	6.879881
1.519955	6.869524
1.521001	6.820714
1.522048	6.762619
1.523097	6.804286
1.524147	6.671905
1.525199	6.769524
1.526253	6.786786
1.527308	6.723929
1.528364	6.848214
1.529423	6.780000
1.530482	6.761905
1.531544	6.763333
1.532606	6.755238
1.533671	6.589881
1.534737	6.586905
1.535804	6.519048
1.536873	6.480714
1.537944	6.598333
1.539016	6.675238
1.540090	6.691548
1.541166	6.652500
1.542243	6.672619
1.543321	6.741071
1.544401	6.830595
1.545483	6.697262
1.546567	6.797738
1.547652	6.777500
1.548738	6.777262
1.549827	6.892262
1.550916	6.803690
1.552008	6.894643
1.553101	6.851190
1.554196	6.767381
1.555292	6.595952
1.556390	6.644762
1.557490	6.582619
1.558591	6.650000
1.559694	6.745476
1.560799	6.841071
1.561905	6.717143
1.563013	6.648095
1.564122	6.659881
1.565234	6.636190
1.566347	6.650238
1.567461	6.562619
1.568577	6.617500
1.569695	6.645000
1.570815	6.693214
1.571936	6.757619
1.573059	6.637024
1.574184	6.637381
1.575310	6.628214
1.576438	6.545000
1.577568	6.694167
1.578700	6.739762
1.579833	6.635595
1.580968	6.613452
1.582105	6.537619
1.583243	6.449405
1.584383	6.286548
1.585525	6.373571
1.586669	6.439405
1.587814	6.501310
1.588961	6.514643
1.590110	6.505595
1.591260	6.458690
1.592413	6.445000
1.593567	6.378452
1.594723	6.241548
1.595880	6.156190
1.597040	6.243571
1.598201	6.257500
1.599364	6.252738
1.600529	6.358333
1.601695	6.262143
1.602864	6.278690
1.604034	6.382024
1.605206	6.298333
1.606380	6.279286
1.607555	6.498452
1.608733	6.496310
1.609912	6.481786
1.611093	6.612024
1.612276	6.630238
1.613460	6.692857
1.614647	6.773452
1.615835	6.716310
1.617025	6.705357
1.618218	6.781905
1.619411	6.870952
1.620607	6.752381
1.621805	6.673333
1.623004	6.679167
1.624206	6.667262
1.625409	6.672143
1.626614	6.614167
1.627821	6.643810
1.629030	6.600833
1.630241	6.692738
1.631453	6.779286
1.632668	6.620714
1.633884	6.740000
1.635103	6.781905
1.636323	6.740238
1.637545	6.713214
1.638769	6.681548
1.639996	6.585357
1.641224	6.557143
1.642453	6.637500
1.643685	6.486786
1.644919	6.436548
1.646155	6.610714
1.647393	6.678333
1.648632	6.594167
1.649874	6.599286
1.651118	6.685952
1.652363	6.696071
1.653611	6.734405
1.654860	6.643690
1.656112	6.747976
1.657365	6.819286
1.658621	6.776310
1.659878	6.740000
1.661138	6.737738
1.662399	6.596786
1.663663	6.655714
1.664929	6.579643
1.666196	6.640119
1.667466	6.740714
1.668737	6.735000
1.670011	6.811667
1.671287	6.847738
1.672565	6.800952
1.673845	6.830595
1.675126	6.839762
1.676410	6.879167
1.677696	6.771548
1.678985	6.914048
1.680275	6.906905
1.681567	7.045119
1.682861	7.094524
1.684158	7.031310
1.685456	7.144524
1.686757	7.173214
1.688060	7.170476
1.689365	7.200714
1.690672	7.195000
1.691981	7.294762
1.693292	7.215357
1.694605	7.192738
1.695921	7.194524
1.697239	7.193333
1.698558	7.177143
1.699880	7.091190
1.701205	7.152381
1.702531	7.194048
1.703859	7.128929
1.705190	7.176429
1.706523	7.085833
1.707858	7.191310
1.709195	7.184167
1.710534	7.069524
1.711876	7.037976
1.713220	7.140595
1.714566	7.083690
1.715914	7.093690
1.717264	7.185952
1.718617	7.154643
1.719972	7.056190
1.721329	7.091905
1.722689	7.132738
1.724050	7.048333
1.725414	6.995238
1.726780	7.080000
1.728149	7.101310
1.729520	6.936429
1.730893	6.914762
1.732268	6.894405
1.733645	6.941667
1.735025	6.944762
1.736408	6.839405
1.737792	6.781310
1.739179	6.720476
1.740568	6.691190
1.741959	6.569048
1.743353	6.622024
1.744749	6.555952
1.746148	6.536548
1.747549	6.528571
1.748952	6.642500
1.750357	6.620714
1.751765	6.694048
1.753175	6.777619
1.754588	6.846667
1.756003	6.710238
1.757420	6.803214
1.758840	6.850476
1.760262	6.905952
1.761687	7.008690
1.763114	7.010833
1.764543	7.019762
1.765975	6.977738
1.767410	7.063095
1.768846	7.128333
1.770286	7.187500
1.771727	7.150595
1.773171	7.160833
1.774618	7.308929
1.776067	7.347738
1.777518	7.446310
1.778972	7.386905
1.780429	7.409881
1.781888	7.330000
1.783349	7.197143
1.784813	7.145714
1.786280	7.182381
1.787749	7.075714
1.789220	7.142619
1.790694	7.091905
1.792171	7.123810
1.793650	7.073929
1.795132	6.995952
1.796616	7.066667
1.798103	6.962619
1.799592	6.977738
1.801084	6.988095
1.802579	7.097500
1.804076	6.990595
1.805576	6.898095
1.807078	6.722857
1.808583	6.665952
1.810090	6.692262
1.811601	6.655595
1.813114	6.743929
1.814629	6.851667
1.816147	6.899167
1.817668	6.927381
1.819191	7.009762
1.820717	6.964405
1.822246	6.987381
1.823778	6.950238
1.825312	6.976548
1.826849	7.037619
1.828388	7.038095
1.829930	7.117024
1.831475	7.127976
1.833023	7.073095
1.834574	7.028214
1.836127	7.208929
1.837683	7.252738
1.839241	7.360119
1.840803	7.344286
1.842367	7.300476
1.843934	7.354167
1.845504	7.253571
1.847076	7.250714
1.848651	7.219762
1.850230	7.232500
1.851810	7.236071
1.853394	7.372857
1.854981	7.428810
1.856570	7.452500
1.858162	7.436190
1.859758	7.493690
1.861356	7.482262
1.862956	7.551190
1.864560	7.505476
1.866167	7.480119
1.867776	7.356190
1.869388	7.325833
1.871004	7.309524
1.872622	7.263095
1.874243	7.240238
1.875867	7.241786
1.877494	7.246786
1.879124	7.323929
1.880756	7.369643
1.882392	7.367738
1.884031	7.258810
1.885673	7.233690
1.887317	7.258452
1.888965	7.229286
1.890616	7.164524
1.892269	7.127619
1.893926	7.099524
1.895586	7.060238
1.897249	6.924881
1.898914	6.954286
1.900583	6.980119
1.902255	7.073333
1.903930	7.011667
1.905608	6.899881
1.907289	6.915595
1.908973	6.889762
1.910661	6.998571
1.912351	6.970595
1.914045	6.851190
1.915741	6.727143
1.917441	6.681429
1.919144	6.876786
1.920850	6.857738
1.922559	6.737738
1.924271	6.693571
1.925987	6.737500
1.927706	6.785952
1.929428	6.804643
1.931153	6.920357
1.932881	6.993571
1.934613	6.981786
1.936347	7.037976
1.938085	7.077143
1.939826	6.968095
1.941571	7.190119
1.943319	7.229643
1.945070	7.309048
1.946824	7.246786
1.948582	7.236429
1.950343	7.452738
1.952107	7.541786
1.953874	7.636429
1.955645	7.737857
1.957419	7.815357
1.959197	7.799524
1.960978	7.908095
1.962762	7.930000
1.964550	7.797976
1.966341	7.694405
1.968135	7.613333
1.969933	7.560476
1.971734	7.534167
1.973539	7.606071
1.975347	7.610833
1.977158	7.856548
1.978973	7.815714
1.980792	7.822143
1.982614	7.798929
1.984439	7.665952
1.986268	7.701310
1.988100	7.580476
1.989936	7.558095
1.991775	7.480000
1.993618	7.345714
1.995465	7.333690
1.997315	7.290119
1.999168	7.295714
2.001025	7.251786
2.002886	7.448333
2.004751	7.526905
2.006618	7.579167
2.008490	7.601190
2.010365	7.692738
2.012244	7.659286
2.014126	7.728810
2.016012	7.562976
2.017902	7.487262
2.019796	7.427024
2.021693	7.394524
2.023594	7.468333
2.025498	7.548452
2.027406	7.514524
2.029318	7.538214
2.031234	7.708929
2.033153	7.737500
2.035077	7.650119
2.037004	7.607024
2.038934	7.590595
2.040869	7.674167
2.042807	7.592619
2.044749	7.639762
2.046696	7.582738
2.048645	7.674167
2.050599	7.577143
2.052557	7.502024
2.054518	7.375238
2.056483	7.292857
2.058453	7.310238
2.060426	7.372857
2.062403	7.382143
2.064384	7.464405
2.066369	7.414167
2.068358	7.375833
2.070350	7.399167
2.072347	7.302738
2.074348	7.340952
2.076353	7.298690
2.078362	7.373571
2.080375	7.356548
2.082392	7.356905
2.084412	7.439643
2.086438	7.535000
2.088467	7.708690
2.090500	7.625714
2.092537	7.732857
2.094578	7.812500
2.096624	7.974405
2.098674	8.095119
2.100727	8.178690
2.102785	8.249286
2.104847	8.377024
2.106914	8.411548
2.108984	8.371905
2.111059	8.552738
2.113138	8.562976
2.115221	8.552262
2.117308	8.441429
2.119400	8.558810
2.121496	8.561667
2.123596	8.631071
2.125701	8.536667
2.127810	8.543214
2.129923	8.434405
2.132041	8.320119
2.134162	8.433452
2.136289	8.497381
2.138419	8.594643
2.140554	8.512619
2.142694	8.551667
2.144838	8.407262
2.146986	8.484881
2.149139	8.495833
2.151296	8.467857
2.153458	8.576905
2.155624	8.518929
2.157795	8.457738
2.159970	8.450357
2.162150	8.615595
2.164334	8.587857
2.166523	8.779048
2.168716	8.769524
2.170914	8.894524
2.173117	9.007143
2.175324	8.992619
2.177536	9.102500
2.179753	9.044524
2.181974	8.973214
2.184200	9.035238
2.186430	9.113929
2.188665	9.218810
2.190905	9.457143
2.193150	9.469762
2.195400	9.543810
2.197654	9.679286
2.199913	9.680357
2.202177	9.762024
2.204445	9.843452
2.206719	10.127500
2.208997	10.128214
2.211280	10.394524
2.213568	10.324048
2.215861	10.497857
2.218159	10.650595
2.220462	10.651190
2.222769	10.905952
2.225082	10.951786
2.227400	11.263095
2.229722	11.604286
2.232050	11.601786
2.234382	11.720119
2.236720	11.880000
2.239063	11.972857
2.241410	12.008214
2.243763	12.050119
2.246121	12.130476
2.248484	12.211071
2.250852	12.384881
2.253225	12.690476
2.255604	12.823214
2.257987	12.975476
2.260376	13.111071
2.262770	13.467381
2.265170	13.576548
2.267574	13.799524
2.269984	14.021429
2.272399	14.222024
2.274819	14.588333
2.277245	14.681786
2.279676	14.877976
2.282112	15.288810
2.284554	15.660714
2.287001	16.004167
2.289454	16.351190
2.291912	16.873690
2.294375	17.360714
2.296844	17.886667
2.299318	18.492976
2.301798	19.005595
2.304283	19.578214
2.306774	20.127976
2.309271	20.772857
2.311773	21.419524
2.314280	22.098452
2.316793	22.770357
2.319312	23.487619
2.321837	24.295476
2.324367	25.117024
2.326902	26.021548
2.329444	27.070476
2.331991	27.978214
2.334544	28.917143
2.337103	29.963333
2.339667	31.118095
2.342237	32.322738
2.344813	33.518095
2.347395	34.761429
2.349983	36.105238
2.352577	37.545714
2.355176	38.977976
2.357782	40.435714
2.360393	42.009762
2.363010	43.790238
2.365634	45.531786
2.368263	47.262024
2.370898	49.319881
2.373540	51.413214
2.376187	53.576071
2.378841	55.947381
2.381500	58.317619
2.384166	60.926548
2.386838	63.732857
2.389516	66.616548
2.392200	69.811667
2.394890	73.065238
2.397587	76.500952
2.400290	80.278333
2.402999	84.282619
2.405714	88.269762
2.408436	92.742024
2.411164	97.322143
2.413899	102.395000
2.416639	107.691071
2.419387	113.123333
2.422140	119.066310
2.424900	125.488690
2.427667	132.138571
2.430440	139.287262
2.433219	146.732143
2.436006	154.503452
2.438798	162.760000
2.441597	171.329167
2.444403	180.481429
2.447216	190.293095
2.450035	200.440119
2.452861	211.402024
2.455693	223.048095
2.458532	235.242857
2.461378	248.357976
2.464231	262.452143
2.467090	276.981190
2.469957	292.938214
2.472830	309.753571
2.475710	327.871190
2.478597	347.108333
2.481491	367.523095
2.484392	389.384524
2.487299	412.764167
2.490214	437.775238
2.493136	464.698929
2.496065	493.178571
2.499001	523.422381
2.501944	555.930000
2.504894	590.359048
2.507851	627.186786
2.510816	666.204762
2.513787	707.321310
2.516766	751.103690
2.519752	797.581667
2.522745	846.644048
2.525746	898.596190
2.528754	953.823333
2.531769	1011.620714
2.534792	1072.787738
2.537822	1137.442857
2.540860	1205.737619
2.543905	1278.133095
2.546958	1354.251667
2.550018	1435.023333
2.553085	1520.170238
2.556160	1609.673810
2.559243	1704.423810
2.562334	1803.121310
2.565432	1907.785952
2.568537	2017.741548
2.571651	2132.643690
2.574772	2252.911429
2.577901	2378.172262
2.581038	2508.499881
2.584182	2643.076786
2.587335	2782.023452
2.590495	2923.825714
2.593664	3068.487619
2.596840	3215.565833
2.600024	3363.544524
2.603216	3510.892143
2.606416	3658.530833
2.609625	3804.724286
2.612841	3946.982262
2.616066	4084.689643
2.619298	4216.952381
2.622539	4343.567976
2.625789	4461.670595
2.629046	4571.819762
2.632312	4670.530357
2.635586	4758.310357
2.638868	4833.560476
2.642159	4895.584762
2.645458	4943.896548
2.648765	4976.957262
2.652081	4994.953929
2.655406	4997.010833
2.658739	4984.749286
2.662081	4956.465476
2.665431	4912.549048
2.668790	4853.902500
2.672157	4781.493095
2.675534	4694.294524
2.678919	4593.132143
2.682313	4481.089048
2.685715	4357.825476
2.689127	4224.560595
2.692547	4081.821667
2.695976	3931.605119
2.699415	3774.992143
2.702862	3613.305952
2.706318	3447.592143
2.709783	3279.217500
2.713258	3109.205000
2.716741	2939.230357
2.720234	2770.442857
2.723736	2603.819286
2.727247	2440.246548
2.730767	2279.839881
2.734297	2124.313214
2.737836	1973.929048
2.741384	1829.693095
2.744942	1691.800357
2.748509	1560.600952
2.752086	1436.335714
2.755672	1318.971905
2.759268	1208.699048
2.762873	1105.639286
2.766488	1009.294524
2.770113	920.061667
2.773748	837.492857
2.777392	761.415833
2.781046	691.425952
2.784710	627.495595
2.788383	569.200833
2.792067	515.652857
2.795761	466.722262
2.799464	422.277143
2.803178	382.066429
2.806902	345.540476
2.810636	312.620238
2.814380	283.171190
2.818134	256.008690
2.821898	231.447738
2.825673	209.454881
2.829458	189.728690
2.833254	171.937738
2.837059	155.928571
2.840876	141.178452
2.844703	128.005119
2.848540	116.178571
2.852388	105.417738
2.856247	95.762738
2.860116	86.808333
2.863996	78.821786
2.867886	71.702024
2.871788	65.257262
2.875700	59.557976
2.879624	54.278333
2.883558	49.400000
2.887503	45.106548
2.891459	41.214643
2.895427	37.696190
2.899405	34.546310
2.903395	31.717500
2.907396	29.058095
2.911408	26.853690
2.915431	24.700238
2.919466	22.780833
2.923512	21.274286
2.927570	19.771548
2.931639	18.395714
2.935720	17.404524
2.939812	16.301429
2.943916	15.467262
2.948032	14.655476
2.952160	13.851071
2.956299	13.167619
2.960450	12.589524
2.964613	12.134762
2.968788	11.604167
2.972975	11.198452
2.977174	10.849405
2.981385	10.463690
2.985609	10.224405
2.989844	10.022143
2.994092	9.700952
2.998352	9.368690
3.002625	9.184881
3.006910	9.100595
3.011207	8.897262
3.015517	8.838571
3.019840	8.794167
3.024175	8.587857
3.028523	8.545238
3.032884	8.402857
3.037257	8.346429
3.041644	8.283810
3.046043	8.216667
3.050455	8.231071
3.054881	8.141429
3.059319	8.272024
3.063771	8.177738
3.068236	8.052381
3.072714	7.996071
3.077205	8.003333
3.081710	7.888452
3.086229	7.875714
3.090760	7.883452
3.095306	7.925714
3.099865	7.940714
3.104438	7.896548
3.109024	7.859881
3.113625	7.863214
3.118239	7.845952
3.122867	7.827619
3.127509	7.972500
3.132166	8.234167
3.136836	8.110714
3.141521	8.040833
3.146220	7.979643
3.150933	7.966905
3.155660	7.792262
3.160403	7.853929
3.165159	7.848690
3.169930	7.870833
3.174716	7.799524
3.179517	7.898810
3.184332	7.931310
3.189163	7.927976
3.194008	7.879524
3.198868	7.789048
3.203744	7.719167
3.208634	7.649405
3.213540	7.553571
3.218461	7.592500
3.223397	7.706905
3.228349	7.659881
3.233316	7.431667
3.238299	7.575476
3.243298	7.572024
3.248312	7.513690
3.253342	7.407262
3.258388	7.467500
3.263450	7.420238
3.268528	7.364048
3.273622	7.326548
3.278732	7.272976
3.283858	7.331071
3.289001	7.403333
3.294160	7.334048
3.299336	7.417738
3.304528	7.382857
3.309737	7.509643
3.314962	7.497143
3.320205	7.420238
3.325464	7.422976
3.330740	7.201310
3.336034	7.108452
3.341344	7.009881
3.346672	6.916429
3.352017	7.010833
3.357379	6.973333
3.362759	7.043333
3.368156	7.055595
3.373571	7.025595
3.379004	7.036310
3.384454	7.127857
3.389923	7.235000
3.395409	7.147976
3.400914	7.098333
3.406437	7.045119
3.411977	7.040952
3.417537	7.046786
3.423114	6.985119
3.428711	6.990476
3.434326	7.064048
3.439959	6.977500
3.445612	7.037738
3.451283	7.032619
3.456973	6.883452
3.462683	6.909762
3.468411	6.809643
3.474159	6.719524
3.479926	6.633214
3.485713	6.715833
3.491519	6.776071
3.497346	6.782500
3.503191	6.692262
3.509057	6.664286
3.514943	6.625000
3.520848	6.626429
3.526774	6.671667
3.532721	6.552619
3.538687	6.605357
3.544674	6.600000
3.550682	6.637976
3.556710	6.634167
3.562760	6.731071
3.568830	6.798810
3.574921	6.832500
3.581033	6.881310
3.587167	6.888214
3.593322	6.996190
3.599498	7.174167
3.605696	7.404286
3.611916	7.333571
3.618158	7.310476
3.624421	7.427857
3.630707	7.599881
3.637015	7.663929
3.643344	7.645119
3.649697	7.609762
3.656072	7.691190
3.662469	7.740595
3.668890	7.672619
3.675333	7.630238
3.681799	7.651071
3.688288	7.718095
3.694801	7.680357
3.701337	7.667262
3.707896	7.632024
3.714479	7.655476
3.721086	7.714286
3.727717	7.707500
3.734371	7.747738
3.741050	7.640833
3.747753	7.640238
3.754481	7.675833
3.761233	7.582619
3.768010	7.501667
3.774811	7.381548
3.781638	7.498333
3.788489	7.666905
3.795366	7.644286
3.802268	7.727024
3.809196	7.911548
3.816149	8.055714
3.823128	8.085595
3.830133	8.133571
3.837164	8.139048
3.844221	8.248929
3.851305	8.276548
3.858415	8.384286
3.865552	8.450000
3.872716	8.474286
3.879906	8.469881
3.887124	8.397381
3.894369	8.494524
3.901641	8.500714
3.908941	8.552262
3.916269	8.589405
3.923625	8.746667
3.931008	8.814762
3.938420	8.657500
3.945860	8.804524
3.953329	8.828690
3.960827	8.757024
3.968353	8.809762
3.975908	8.777976
3.983493	8.696905
3.991107	8.780119
3.998750	8.727738
4.006423	8.840595
4.014127	8.876786
4.021860	8.733452
4.029623	8.891905
4.037417	8.860238
4.045241	9.084167
4.053096	8.983333
4.060983	9.113095
4.068900	9.172857
4.076848	9.202857
4.084829	9.169286
4.092840	9.188571
4.100884	9.208929
4.108960	9.169167
4.117068	9.090238
4.125208	9.221548
4.133381	9.080000
4.141587	9.071905
4.149826	9.158095
4.158099	9.015595
4.166404	9.090476
4.174744	9.075119
4.183117	9.058214
4.191524	9.160357
4.199966	9.005000
4.208442	9.080000
4.216953	8.981429
4.225498	9.052738
4.234079	8.968095
4.242695	8.925238
4.251347	8.919524
4.260035	9.004524
4.268758	9.004286
4.277518	9.154762
4.286314	9.107143
4.295147	9.197857
4.304017	8.977143
4.312923	9.017976
4.321868	9.140119
4.330850	9.091190
4.339869	9.229286
4.348927	9.245119
4.358023	9.183095
4.367158	9.217381
4.376331	9.216905
4.385544	9.257619
4.394796	9.094881
4.404087	9.116548
4.413419	8.992738
4.422790	9.041310
4.432202	9.079405
4.441654	9.002738
4.451147	8.956667
4.460681	8.903214
4.470257	8.770119
4.479874	8.769524
4.489533	8.812024
4.499235	8.769167
4.508979	8.658095
4.518765	8.658214
4.528595	8.628214
4.538468	8.541667
4.548385	8.501905
4.558345	8.567619
4.568350	8.424048
4.578399	8.417143
4.588494	8.359405
4.598633	8.496429
4.608817	8.414286
4.619047	8.513452
4.629324	8.361667
4.639646	8.351071
4.650015	8.377143
4.660431	8.427024
4.670895	8.357619
4.681406	8.340833
4.691965	8.230476
4.702572	8.015952
4.713227	8.069048
4.723932	8.204405
4.734686	8.050000
4.745489	8.050595
4.756342	7.986190
4.767246	7.898571
4.778200	7.807619
4.789205	7.930595
4.800262	7.822143
4.811370	7.808333
4.822530	7.733214
4.833743	7.793095
4.845008	7.780238
4.856327	7.829762
4.867699	7.711190
4.879125	7.685238
4.890605	7.515119
4.902140	7.485476
4.913730	7.428929
4.925376	7.431548
4.937077	7.533929
4.948835	7.496548
4.960649	7.432619
4.972521	7.494167
4.984450	7.419643
4.996437	7.459048
5.008482	7.468810
5.020586	7.375833
5.032749	7.266071
5.044972	7.333810
5.057255	7.321786
5.069599	7.311071
5.082003	7.228690
5.094469	7.207262
5.106997	7.228214
5.119587	7.174048
5.132240	7.018690
5.144956	7.178452
5.157736	7.271905
5.170580	7.404167
5.183489	7.412262
5.196463	7.260119
5.209503	7.320595
5.222609	7.325476
5.235782	7.332619
5.249022	7.418333
5.262329	7.410595
5.275705	7.420000
5.289150	7.425119
5.302664	7.514286
5.316248	7.547143
5.329902	7.547024
5.343627	7.483452
5.357424	7.547500
5.371293	7.586548
5.385234	7.485238
5.399249	7.592619
5.413337	7.684524
5.427500	7.530357
5.441737	7.556548
5.456051	7.501429
5.470440	7.513571
5.484906	7.530714
5.499449	7.453095
5.514071	7.412976
5.528771	7.239167
5.543550	7.276071
5.558409	7.285000
5.573349	7.224405
5.588370	7.266310
5.603473	7.155952
5.618658	7.120238
5.633926	7.105833
5.649279	7.219881
5.664716	7.165238
5.680238	7.036071
5.695846	6.988333
5.711541	6.970595
5.727323	6.890238
5.743194	7.118690
5.759153	7.006071
5.775203	7.037143
5.791342	6.984405
5.807573	7.034524
5.823895	7.060119
5.840311	7.082976
5.856820	7.185714
5.873423	7.082976
5.890121	7.098929
5.906916	7.185119
5.923807	7.237143
5.940795	7.310000
5.957883	7.320833
5.975069	7.247500
5.992356	7.218452
6.009744	7.216310
6.027234	7.184881
6.044826	6.755000
6.062523	7.700000
6.080324	8.465000
6.098230	8.000000
6.116244	7.402500
6.134365	7.885000
6.152594	5.630000
6.170933	8.045000
6.189382	7.517500
6.207943	5.227500
