%% INTEG 5.0 AVG 100.0 SMOOTH 10
1.000060	61.567500
1.000479	61.072500
1.000898	57.487500
1.001318	59.025000
1.001738	56.972500
1.002158	54.552500
1.002579	56.017500
1.003000	52.660000
1.003422	53.797500
1.003844	50.610595
1.004266	49.426905
1.004689	48.300119
1.005112	47.152619
1.005536	46.111786
1.005960	45.055952
1.006384	43.935952
1.006809	42.909524
1.007235	41.718452
1.007660	40.667143
1.008086	39.524167
1.008513	38.607024
1.008940	37.573571
1.009367	36.546786
1.009795	35.651071
1.010223	34.729286
1.010652	33.761310
1.011081	32.999405
1.011510	32.252976
1.011940	31.427619
1.012370	30.548929
1.012801	29.872738
1.013232	29.086548
1.013664	28.465000
1.014095	27.679524
1.014528	26.927857
1.014960	26.076190
1.015394	25.426548
1.015827	24.877857
1.016261	24.222024
1.016696	23.649643
1.017131	23.098333
1.017566	22.399405
1.018001	21.861429
1.018438	21.297143
1.018874	20.816667
1.019311	20.383929
1.019748	19.903571
1.020186	19.443214
1.020625	18.977619
1.021063	18.513095
1.021502	18.000238
1.021942	17.592738
1.022382	17.255595
1.022822	16.650714
1.023263	16.158333
1.023704	15.800952
1.024146	15.599167
1.024588	15.164524
1.025031	14.729762
1.025474	14.518452
1.025917	14.222857
1.026361	13.882500
1.026805	13.682738
1.027250	13.234643
1.027695	12.960238
1.028141	12.533929
1.028587	12.167143
1.029033	11.931429
1.029480	11.545595
1.029927	11.160476
1.030375	10.827500
1.030823	10.644881
1.031272	10.219881
1.031721	9.939405
1.032171	9.763214
1.032621	9.627024
1.033071	9.491905
1.033522	9.076667
1.033973	8.925119
1.034425	8.629524
1.034877	8.364048
1.035330	8.061905
1.035783	7.778571
1.036237	7.429048
1.036691	7.315357
1.037145	7.047381
1.037600	6.974881
1.038055	6.771190
1.038511	6.656786
1.038967	6.532262
1.039424	6.383452
1.039881	6.361786
1.040339	6.360833
1.040797	6.280714
1.041255	6.148929
1.041714	5.998810
1.042174	5.917976
1.042634	5.732381
1.043094	5.687262
1.043555	5.575238
1.044016	5.485119
1.044478	5.425119
1.044940	5.356190
1.045403	5.224286
1.045866	5.233214
1.046329	5.197619
1.046793	5.238810
1.047258	5.123929
1.047723	5.168095
1.048188	4.978452
1.048654	4.993690
1.049121	5.013929
1.049588	4.992976
1.050055	4.830238
1.050523	4.892143
1.050991	4.751667
1.051460	4.768929
1.051929	4.746071
1.052398	4.679286
1.052869	4.595714
1.053339	4.545119
1.053810	4.512738
1.054282	4.397381
1.054754	4.425238
1.055226	4.550833
1.055699	4.568214
1.056173	4.528690
1.056647	4.597500
1.057121	4.655595
1.057596	4.669048
1.058071	4.789643
1.058547	4.720357
1.059023	4.776310
1.059500	4.816786
1.059978	4.853810
1.060455	4.813571
1.060934	4.864048
1.061412	4.809405
1.061892	4.747619
1.062371	4.826905
1.062851	4.832976
1.063332	4.902024
1.063813	4.867500
1.064295	4.915357
1.064777	4.888214
1.065260	4.884286
1.065743	4.750000
1.066227	4.718690
1.066711	4.650000
1.067195	4.668452
1.067680	4.516190
1.068166	4.497500
1.068652	4.501190
1.069139	4.551071
1.069626	4.387500
1.070113	4.296310
1.070601	4.308810
1.071090	4.348333
1.071579	4.324048
1.072069	4.338810
1.072559	4.240000
1.073049	4.263810
1.073540	4.224643
1.074032	4.373095
1.074524	4.399048
1.075017	4.384286
1.075510	4.345357
1.076003	4.489405
1.076498	4.579881
1.076992	4.602857
1.077487	4.590119
1.077983	4.762262
1.078479	4.632024
1.078976	4.607024
1.079473	4.431190
1.079971	4.479405
1.080469	4.636429
1.080968	4.660238
1.081467	4.668571
1.081967	4.600595
1.082467	4.552500
1.082968	4.518810
1.083469	4.510357
1.083971	4.468214
1.084473	4.334524
1.084976	4.373452
1.085479	4.394167
1.085983	4.471548
1.086488	4.503214
1.086993	4.462976
1.087498	4.374881
1.088004	4.326667
1.088511	4.259524
1.089018	4.304286
1.089525	4.507619
1.090033	4.583214
1.090542	4.568452
1.091051	4.609643
1.091561	4.559286
1.092071	4.556071
1.092582	4.635238
1.093093	4.768810
1.093605	4.886786
1.094117	4.931429
1.094630	4.912262
1.095144	5.074286
1.095658	4.995000
1.096172	5.008810
1.096687	5.010595
1.097203	5.007857
1.097719	4.947262
1.098236	5.059286
1.098753	5.124643
1.099271	5.064048
1.099789	5.057262
1.100308	4.948095
1.100827	4.852857
1.101347	4.935595
1.101868	4.909524
1.102389	4.922857
1.102910	4.946667
1.103432	4.864167
1.103955	4.845119
1.104478	4.813095
1.105002	4.693810
1.105526	4.771071
1.106051	4.715476
1.106577	4.764167
1.107103	4.779881
1.107629	4.671548
1.108156	4.607976
1.108684	4.681071
1.109212	4.655119
1.109741	4.568810
1.110270	4.584405
1.110800	4.636190
1.111331	4.535000
1.111862	4.581429
1.112393	4.555476
1.112925	4.474643
1.113458	4.373571
1.113991	4.378571
1.114525	4.405238
1.115060	4.401905
1.115595	4.370714
1.116130	4.514524
1.116666	4.482976
1.117203	4.356310
1.117740	4.399762
1.118278	4.368929
1.118817	4.443333
1.119356	4.525000
1.119895	4.524048
1.120436	4.446310
1.120976	4.345595
1.121518	4.332024
1.122059	4.357619
1.122602	4.461429
1.123145	4.443690
1.123689	4.475595
1.124233	4.450714
1.124778	4.474167
1.125323	4.504405
1.125869	4.589286
1.126416	4.563810
1.126963	4.638452
1.127511	4.515476
1.128059	4.495000
1.128608	4.643929
1.129157	4.463095
1.129707	4.481429
1.130258	4.559762
1.130810	4.504643
1.131361	4.472381
1.131914	4.438214
1.132467	4.501310
1.133021	4.529286
1.133575	4.531786
1.134130	4.487619
1.134685	4.569643
1.135241	4.531190
1.135798	4.564286
1.136355	4.568452
1.136913	4.445357
1.137472	4.388690
1.138031	4.418690
1.138591	4.437381
1.139151	4.490952
1.139712	4.586310
1.140274	4.580476
1.140836	4.693214
1.141399	4.715595
1.141962	4.646190
1.142526	4.593571
1.143091	4.638452
1.143656	4.702143
1.144222	4.733095
1.144788	4.773095
1.145355	4.641905
1.145923	4.709643
1.146491	4.669167
1.147060	4.780714
1.147630	4.803571
1.148200	4.793929
1.148771	4.777976
1.149342	4.829286
1.149914	4.761071
1.150487	4.698095
1.151061	4.679405
1.151635	4.701905
1.152209	4.624405
1.152784	4.637738
1.153360	4.550000
1.153937	4.520000
1.154514	4.611310
1.155092	4.580357
1.155670	4.691548
1.156249	4.812738
1.156829	4.811071
1.157409	4.881905
1.157990	4.946071
1.158572	5.054405
1.159154	4.998810
1.159737	4.996071
1.160321	5.132143
1.160905	5.233929
1.161490	5.249167
1.162075	5.242857
1.162661	5.157143
1.163248	5.199286
1.163836	5.167857
1.164424	5.155119
1.165013	5.180000
1.165602	5.253214
1.166192	5.241310
1.166783	5.248214
1.167374	5.296429
1.167966	5.247976
1.168559	5.163690
1.169152	5.069881
1.169746	5.135952
1.170341	5.031667
1.170936	4.939762
1.171532	4.802500
1.172129	4.895476
1.172727	4.854405
1.173325	4.875476
1.173923	4.937381
1.174523	5.037619
1.175123	5.107619
1.175723	5.272024
1.176325	5.234881
1.176927	5.319524
1.177530	5.412500
1.178133	5.355833
1.178737	5.318333
1.179342	5.280000
1.179948	5.237738
1.180554	5.178929
1.181161	5.048452
1.181768	5.236190
1.182376	5.193690
1.182985	5.124048
1.183595	5.127738
1.184205	5.208095
1.184816	5.057857
1.185428	5.012500
1.186040	4.936667
1.186653	4.835833
1.187267	4.891786
1.187881	4.922024
1.188497	4.734405
1.189112	4.829881
1.189729	4.780833
1.190346	4.626071
1.190964	4.637857
1.191583	4.683333
1.192202	4.736071
1.192822	4.714167
1.193443	4.684643
1.194064	4.750119
1.194687	4.631310
1.195310	4.622381
1.195933	4.698095
1.196557	4.772143
1.197183	4.858810
1.197808	4.867738
1.198435	4.891905
1.199062	4.929881
1.199690	4.913929
1.200318	4.689524
1.200948	4.624286
1.201578	4.672500
1.202209	4.519881
1.202840	4.532976
1.203472	4.547143
1.204105	4.580952
1.204739	4.560476
1.205374	4.502738
1.206009	4.561548
1.206645	4.576667
1.207281	4.645595
1.207919	4.584286
1.208557	4.533690
1.209195	4.453810
1.209835	4.341310
1.210475	4.224048
1.211116	4.146667
1.211758	4.095595
1.212401	4.051667
1.213044	4.108095
1.213688	4.123571
1.214333	4.122857
1.214978	4.014881
1.215625	4.074405
1.216272	4.146905
1.216919	4.119643
1.217568	4.094048
1.218217	4.080595
1.218867	4.024762
1.219518	3.927619
1.220170	3.940357
1.220822	3.827143
1.221475	3.899881
1.222129	3.981429
1.222784	4.003333
1.223439	4.098095
1.224095	4.118333
1.224752	4.335595
1.225410	4.389524
1.226068	4.432262
1.226727	4.418690
1.227387	4.481190
1.228048	4.511905
1.228710	4.547500
1.229372	4.512381
1.230035	4.464286
1.230699	4.471310
1.231364	4.427262
1.232029	4.438690
1.232695	4.453690
1.233362	4.500476
1.234030	4.562500
1.234699	4.655952
1.235368	4.658333
1.236038	4.615833
1.236709	4.609405
1.237381	4.558810
1.238054	4.601905
1.238727	4.534405
1.239401	4.525714
1.240076	4.467143
1.240752	4.582262
1.241428	4.514643
1.242106	4.568095
1.242784	4.631667
1.243463	4.691190
1.244143	4.724524
1.244823	4.716905
1.245504	4.756786
1.246187	4.861667
1.246870	4.882857
1.247554	4.900714
1.248238	4.846548
1.248924	4.861548
1.249610	4.792500
1.250297	4.698929
1.250985	4.773095
1.251674	4.825119
1.252363	4.890595
1.253054	4.970595
1.253745	4.965000
1.254437	4.990595
1.255130	4.873690
1.255823	4.976310
1.256518	4.878929
1.257213	4.908690
1.257910	4.816190
1.258607	4.731190
1.259305	4.706071
1.260003	4.784524
1.260703	4.670476
1.261403	4.692738
1.262105	4.695238
1.262807	4.670833
1.263510	4.724643
1.264213	4.776905
1.264918	4.834167
1.265624	4.852619
1.266330	4.810595
1.267037	4.665952
1.267745	4.541071
1.268454	4.565357
1.269164	4.538690
1.269875	4.501429
1.270586	4.425476
1.271299	4.489405
1.272012	4.512262
1.272726	4.609167
1.273441	4.682619
1.274157	4.730000
1.274874	4.573810
1.275591	4.555476
1.276310	4.526667
1.277029	4.461071
1.277749	4.505952
1.278470	4.385238
1.279193	4.343095
1.279915	4.398095
1.280639	4.325833
1.281364	4.313452
1.282089	4.503333
1.282816	4.465714
1.283543	4.448452
1.284271	4.482262
1.285001	4.453810
1.285731	4.509048
1.286461	4.395476
1.287193	4.320119
1.287926	4.270714
1.288660	4.141905
1.289394	4.176429
1.290130	4.261548
1.290866	4.230595
1.291603	4.313810
1.292341	4.371310
1.293080	4.311071
1.293820	4.392143
1.294561	4.481548
1.295303	4.442857
1.296046	4.490000
1.296790	4.487024
1.297534	4.285714
1.298280	4.435714
1.299026	4.403810
1.299773	4.490833
1.300522	4.552381
1.301271	4.535952
1.302021	4.570952
1.302772	4.567024
1.303524	4.595476
1.304277	4.737381
1.305031	4.767024
1.305786	4.776786
1.306542	4.837857
1.307298	4.823452
1.308056	4.821071
1.308815	4.957262
1.309574	4.834524
1.310335	4.728929
1.311096	4.796905
1.311859	4.817262
1.312622	4.855595
1.313387	4.998452
1.314152	4.943214
1.314918	4.893690
1.315685	4.809762
1.316454	4.885833
1.317223	4.862262
1.317993	4.966905
1.318764	4.899762
1.319536	4.869405
1.320309	4.765238
1.321083	4.722857
1.321858	4.702381
1.322634	4.766667
1.323411	4.749524
1.324189	4.727500
1.324968	4.647024
1.325748	4.694524
1.326529	4.848810
1.327311	4.786429
1.328094	4.682024
1.328878	4.656429
1.329663	4.531310
1.330449	4.495357
1.331236	4.572024
1.332024	4.556905
1.332813	4.505952
1.333603	4.618333
1.334394	4.558690
1.335186	4.667857
1.335978	4.671071
1.336772	4.713333
1.337567	4.783810
1.338363	4.876786
1.339160	4.789167
1.339959	4.730000
1.340758	4.845357
1.341558	4.913452
1.342359	4.948571
1.343161	4.787738
1.343964	4.829524
1.344768	4.949881
1.345574	5.032976
1.346380	5.030238
1.347187	5.077976
1.347996	5.111905
1.348805	5.189048
1.349616	5.193571
1.350427	5.090119
1.351240	5.142262
1.352053	5.047143
1.352868	5.049167
1.353684	5.087738
1.354501	5.037976
1.355318	4.939405
1.356137	4.954048
1.356957	5.042500
1.357778	5.028452
1.358600	5.026310
1.359424	4.932857
1.360248	4.944167
1.361073	4.881190
1.361900	4.847976
1.362727	4.691310
1.363556	4.729881
1.364385	4.622976
1.365216	4.627857
1.366048	4.587619
1.366881	4.628690
1.367715	4.717024
1.368550	4.699286
1.369386	4.814167
1.370223	4.852500
1.371061	4.847262
1.371901	4.828571
1.372742	4.943452
1.373583	4.984286
1.374426	4.970119
1.375270	4.838571
1.376115	4.704167
1.376961	4.762976
1.377808	4.782262
1.378657	4.841905
1.379506	4.901190
1.380357	4.967024
1.381208	4.936071
1.382061	4.863571
1.382915	4.840952
1.383770	4.850000
1.384627	4.722976
1.385484	4.682024
1.386342	4.689286
1.387202	4.653452
1.388063	4.625714
1.388925	4.668214
1.389788	4.585833
1.390652	4.433452
1.391518	4.426190
1.392384	4.395952
1.393252	4.545357
1.394121	4.604881
1.394991	4.665952
1.395862	4.623095
1.396734	4.548452
1.397608	4.548690
1.398482	4.599405
1.399358	4.711667
1.400235	4.812976
1.401113	4.828929
1.401993	4.882262
1.402873	4.889524
1.403755	4.868929
1.404638	4.772738
1.405522	4.883571
1.406408	4.919762
1.407294	4.868571
1.408182	4.945952
1.409071	4.958452
1.409961	5.002857
1.410852	4.924881
1.411745	4.835952
1.412638	4.784643
1.413533	4.809643
1.414429	4.892143
1.415327	4.978333
1.416225	4.954286
1.417125	4.989286
1.418026	4.813810
1.418928	4.823452
1.419832	4.810595
1.420736	4.786548
1.421642	4.778929
1.422549	4.779286
1.423458	4.885714
1.424368	4.829048
1.425278	4.847381
1.426190	4.753690
1.427104	4.686786
1.428018	4.693333
1.428934	4.702738
1.429851	4.834405
1.430770	4.877381
1.431689	4.920952
1.432610	4.885595
1.433533	4.848929
1.434456	4.891905
1.435381	4.880476
1.436307	4.892619
1.437234	5.084762
1.438162	5.043571
1.439092	4.931667
1.440023	4.943810
1.440956	5.036190
1.441889	5.094167
1.442824	5.039405
1.443761	5.056786
1.444698	5.060952
1.445637	5.156071
1.446577	5.198452
1.447518	5.310000
1.448461	5.215833
1.449405	5.176905
1.450351	5.138214
1.451297	5.136310
1.452245	5.140119
1.453195	5.225952
1.454145	5.201548
1.455097	5.251071
1.456051	5.195595
1.457005	5.115952
1.457961	5.224405
1.458918	5.379643
1.459877	5.273571
1.460837	5.289167
1.461798	5.277976
1.462761	5.332619
1.463725	5.300595
1.464690	5.176548
1.465657	5.151071
1.466625	5.172619
1.467595	5.049286
1.468566	5.079167
1.469538	5.097738
1.470511	5.120833
1.471486	5.078452
1.472462	4.939762
1.473440	4.963929
1.474419	4.923810
1.475400	4.656548
1.476381	4.582143
1.477365	4.606190
1.478349	4.522381
1.479335	4.460357
1.480323	4.606310
1.481312	4.558095
1.482302	4.537143
1.483293	4.472619
1.484286	4.495714
1.485281	4.481548
1.486277	4.486310
1.487274	4.485238
1.488273	4.534762
1.489273	4.626667
1.490274	4.603452
1.491277	4.533810
1.492282	4.662143
1.493288	4.786905
1.494295	4.692738
1.495304	4.790595
1.496314	5.073690
1.497325	5.160833
1.498339	5.269524
1.499353	5.257500
1.500369	5.435000
1.501387	5.374524
1.502406	5.476310
1.503426	5.451429
1.504448	5.566310
1.505471	5.500238
1.506496	5.664524
1.507522	5.639881
1.508550	5.648810
1.509579	5.708571
1.510610	5.698333
1.511642	5.794405
1.512676	5.869762
1.513711	5.880476
1.514748	5.922738
1.515787	5.890357
1.516826	5.814762
1.517868	5.758214
1.518910	5.759405
1.519955	5.624643
1.521001	5.676905
1.522048	5.511667
1.523097	5.542143
1.524147	5.394524
1.525199	5.360357
1.526253	5.295000
1.527308	5.245952
1.528364	5.226667
1.529423	5.255952
1.530482	5.167024
1.531544	5.150000
1.532606	5.119048
1.533671	5.024048
1.534737	4.952857
1.535804	4.870476
1.536873	4.839762
1.537944	4.865357
1.539016	4.888095
1.540090	4.912857
1.541166	4.810476
1.542243	4.784643
1.543321	4.770238
1.544401	4.802024
1.545483	4.748571
1.546567	4.842024
1.547652	4.985357
1.548738	5.035714
1.549827	5.122500
1.550916	5.070595
1.552008	5.143929
1.553101	5.231548
1.554196	5.221786
1.555292	5.190833
1.556390	5.214881
1.557490	5.234286
1.558591	5.283690
1.559694	5.282738
1.560799	5.414048
1.561905	5.342976
1.563013	5.310833
1.564122	5.295238
1.565234	5.285476
1.566347	5.285595
1.567461	5.298571
1.568577	5.299762
1.569695	5.330952
1.570815	5.311429
1.571936	5.382500
1.573059	5.358810
1.574184	5.347738
1.575310	5.209762
1.576438	5.196429
1.577568	5.250238
1.578700	5.145357
1.579833	5.074881
1.580968	5.063690
1.582105	5.002143
1.583243	4.995952
1.584383	4.935000
1.585525	4.994524
1.586669	4.966548
1.587814	5.122024
1.588961	5.154048
1.590110	5.194286
1.591260	5.114762
1.592413	5.157381
1.593567	5.163810
1.594723	5.091548
1.595880	5.078095
1.597040	5.113333
1.598201	5.216071
1.599364	5.195000
1.600529	5.224167
1.601695	5.172738
1.602864	5.243214
1.604034	5.315833
1.605206	5.339167
1.606380	5.318929
1.607555	5.318095
1.608733	5.332619
1.609912	5.325714
1.611093	5.475476
1.612276	5.412619
1.613460	5.519762
1.614647	5.641905
1.615835	5.665357
1.617025	5.590357
1.618218	5.604048
1.619411	5.777262
1.620607	5.590595
1.621805	5.519762
1.623004	5.472262
1.624206	5.563333
1.625409	5.573571
1.626614	5.617262
1.627821	5.653214
1.629030	5.715000
1.630241	5.820714
1.631453	5.844048
1.632668	5.870833
1.633884	5.842262
1.635103	5.904643
1.636323	5.850714
1.637545	5.864167
1.638769	5.822976
1.639996	5.700476
1.641224	5.603690
1.642453	5.591548
1.643685	5.552857
1.644919	5.378214
1.646155	5.570000
1.647393	5.747738
1.648632	5.662024
1.649874	5.731310
1.651118	5.801905
1.652363	5.617738
1.653611	5.706429
1.654860	5.569762
1.656112	5.610119
1.657365	5.752500
1.658621	5.669405
1.659878	5.759167
1.661138	5.759881
1.662399	5.711786
1.663663	5.693571
1.664929	5.645000
1.666196	5.650476
1.667466	5.839286
1.668737	6.001310
1.670011	5.913452
1.671287	5.960238
1.672565	5.805238
1.673845	5.762143
1.675126	5.739762
1.676410	5.741071
1.677696	5.730238
1.678985	6.025595
1.680275	5.939762
1.681567	6.081310
1.682861	5.998929
1.684158	5.861786
1.685456	5.885357
1.686757	5.813929
1.688060	5.830000
1.689365	5.822857
1.690672	5.832619
1.691981	5.887738
1.693292	5.886548
1.694605	5.886310
1.695921	5.856548
1.697239	5.898929
1.698558	5.953690
1.699880	6.047262
1.701205	6.006905
1.702531	6.304286
1.703859	6.220833
1.705190	6.228333
1.706523	6.174762
1.707858	6.274643
1.709195	6.231786
1.710534	6.319286
1.711876	6.424286
1.713220	6.665119
1.714566	6.812976
1.715914	6.759881
1.717264	6.856429
1.718617	6.926429
1.719972	6.947381
1.721329	6.992619
1.722689	6.983333
1.724050	6.899762
1.725414	6.913929
1.726780	6.986548
1.728149	6.998452
1.729520	6.951905
1.730893	6.726429
1.732268	6.723095
1.733645	6.758929
1.735025	6.782143
1.736408	6.780238
1.737792	6.883810
1.739179	6.761667
1.740568	6.721667
1.741959	6.526071
1.743353	6.430595
1.744749	6.437381
1.746148	6.407500
1.747549	6.405000
1.748952	6.489881
1.750357	6.492619
1.751765	6.522619
1.753175	6.633690
1.754588	6.733333
1.756003	6.697857
1.757420	6.753929
1.758840	6.800476
1.760262	6.958214
1.761687	7.075476
1.763114	6.985833
1.764543	6.949643
1.765975	6.890714
1.767410	6.796310
1.768846	6.977143
1.770286	7.079048
1.771727	7.139405
1.773171	7.255476
1.774618	7.363571
1.776067	7.470595
1.777518	7.509881
1.778972	7.497024
1.780429	7.628690
1.781888	7.572619
1.783349	7.543214
1.784813	7.639048
1.786280	7.784286
1.787749	7.856071
1.789220	8.008690
1.790694	7.980000
1.792171	8.012024
1.793650	8.217143
1.795132	8.209048
1.796616	8.355476
1.798103	8.409762
1.799592	8.506786
1.801084	8.551548
1.802579	8.599286
1.804076	8.586667
1.805576	8.624167
1.807078	8.564286
1.808583	8.670119
1.810090	8.672738
1.811601	8.680476
1.813114	8.924048
1.814629	8.982619
1.816147	8.992262
1.817668	8.944405
1.819191	9.080000
1.820717	9.133571
1.822246	9.339881
1.823778	9.484762
1.825312	9.485595
1.826849	9.813095
1.828388	10.002619
1.829930	10.260714
1.831475	10.351190
1.833023	10.582857
1.834574	10.969524
1.836127	11.298810
1.837683	11.700357
1.839241	12.082500
1.840803	12.510952
1.842367	13.048690
1.843934	13.599286
1.845504	14.042381
1.847076	14.715714
1.848651	15.474643
1.850230	16.187381
1.851810	16.893810
1.853394	17.755119
1.854981	18.727976
1.856570	19.812262
1.858162	21.011071
1.859758	22.192500
1.861356	23.524762
1.862956	25.030833
1.864560	26.608810
1.866167	28.340476
1.867776	30.152976
1.869388	32.205714
1.871004	34.508095
1.872622	36.952262
1.874243	39.622381
1.875867	42.524048
1.877494	45.736667
1.879124	49.396310
1.880756	53.347143
1.882392	57.651786
1.884031	62.356310
1.885673	67.857143
1.887317	73.894167
1.888965	80.510714
1.890616	87.711190
1.892269	95.911786
1.893926	105.003214
1.895586	115.185595
1.897249	126.554762
1.898914	139.435000
1.900583	153.771190
1.902255	170.005238
1.903930	188.262500
1.905608	208.451429
1.907289	231.176667
1.908973	256.561429
1.910661	285.157143
1.912351	317.242619
1.914045	353.213214
1.915741	393.490714
1.917441	438.886190
1.919144	490.368214
1.920850	547.524405
1.922559	612.202143
1.924271	684.846429
1.925987	766.519286
1.927706	857.162619
1.929428	958.182976
1.931153	1070.310952
1.932881	1192.830000
1.934613	1326.354762
1.936347	1470.915595
1.938085	1626.099643
1.939826	1790.832619
1.941571	1965.883214
1.943319	2149.324643
1.945070	2340.825238
1.946824	2539.245714
1.948582	2743.470119
1.950343	2951.707143
1.952107	3163.150952
1.953874	3376.493214
1.955645	3589.002619
1.957419	3799.701786
1.959197	4006.828452
1.960978	4208.803810
1.962762	4402.256190
1.964550	4585.192381
1.966341	4757.514762
1.968135	4914.505952
1.969933	5057.458810
1.971734	5183.376905
1.973539	5291.615119
1.975347	5380.537381
1.977158	5450.155000
1.978973	5498.332500
1.980792	5527.149643
1.982614	5534.970119
1.984439	5521.034167
1.986268	5487.227143
1.988100	5434.963095
1.989936	5364.288690
1.991775	5276.285952
1.993618	5171.992976
1.995465	5053.905833
1.997315	4921.927857
1.999168	4777.752857
2.001025	4624.206786
2.002886	4462.756071
2.004751	4292.602500
2.006618	4118.208929
2.008490	3939.505595
2.010365	3758.347262
2.012244	3576.118214
2.014126	3394.400357
2.016012	3215.084643
2.017902	3039.349881
2.019796	2866.690000
2.021693	2699.724405
2.023594	2539.485833
2.025498	2385.155119
2.027406	2237.272381
2.029318	2096.129524
2.031234	1961.160476
2.033153	1833.635714
2.035077	1712.101905
2.037004	1596.938214
2.038934	1487.569048
2.040869	1383.967262
2.042807	1286.268810
2.044749	1194.479524
2.046696	1107.694881
2.048645	1025.633690
2.050599	948.568929
2.052557	875.910476
2.054518	807.838333
2.056483	743.355952
2.058453	683.104643
2.060426	626.735119
2.062403	573.565119
2.064384	524.037143
2.066369	477.895476
2.068358	434.612262
2.070350	394.436786
2.072347	357.152976
2.074348	322.720952
2.076353	290.633214
2.078362	261.217738
2.080375	234.290714
2.082392	209.590119
2.084412	187.054167
2.086438	166.261071
2.088467	147.531071
2.090500	130.386429
2.092537	115.151786
2.094578	101.317500
2.096624	89.001310
2.098674	78.081429
2.100727	68.225714
2.102785	59.693929
2.104847	52.071429
2.106914	45.462381
2.108984	39.684762
2.111059	34.926310
2.113138	30.682024
2.115221	27.124286
2.117308	23.930357
2.119400	21.428095
2.121496	19.210595
2.123596	17.281667
2.125701	15.526429
2.127810	14.154048
2.129923	13.027024
2.132041	12.029762
2.134162	11.258452
2.136289	10.546190
2.138419	10.108214
2.140554	9.692857
2.142694	9.367857
2.144838	8.867381
2.146986	8.631548
2.149139	8.524643
2.151296	8.211429
2.153458	8.148214
2.155624	7.802381
2.157795	7.607619
2.159970	7.415595
2.162150	7.423095
2.164334	7.181310
2.166523	7.151429
2.168716	7.076429
2.170914	7.110476
2.173117	7.044286
2.175324	6.926548
2.177536	6.891667
2.179753	6.818095
2.181974	6.760595
2.184200	6.812500
2.186430	6.721429
2.188665	6.645714
2.190905	6.745833
2.193150	6.732262
2.195400	6.664524
2.197654	6.684167
2.199913	6.582262
2.202177	6.603929
2.204445	6.531905
2.206719	6.550357
2.208997	6.395476
2.211280	6.655238
2.213568	6.519643
2.215861	6.502500
2.218159	6.448810
2.220462	6.438810
2.222769	6.457500
2.225082	6.424524
2.227400	6.601667
2.229722	6.670357
2.232050	6.481786
2.234382	6.445952
2.236720	6.474643
2.239063	6.509286
2.241410	6.490833
2.243763	6.432738
2.246121	6.441667
2.248484	6.417619
2.250852	6.389048
2.253225	6.585714
2.255604	6.659167
2.257987	6.587500
2.260376	6.411548
2.262770	6.414167
2.265170	6.325238
2.267574	6.279881
2.269984	6.202976
2.272399	6.224405
2.274819	6.330238
2.277245	6.184405
2.279676	6.078452
2.282112	6.090119
2.284554	6.177738
2.287001	6.206071
2.289454	6.089048
2.291912	6.038095
2.294375	6.011548
2.296844	6.057024
2.299318	6.045000
2.301798	6.089762
2.304283	5.900000
2.306774	5.751429
2.309271	5.764762
2.311773	5.813095
2.314280	5.852857
2.316793	5.918452
2.319312	5.988452
2.321837	5.976071
2.324367	5.884524
2.326902	5.791071
2.329444	5.878571
2.331991	5.824405
2.334544	5.799524
2.337103	5.654048
2.339667	5.590476
2.342237	5.609167
2.344813	5.507500
2.347395	5.517976
2.349983	5.575000
2.352577	5.542738
2.355176	5.433690
2.357782	5.451310
2.360393	5.523810
2.363010	5.702738
2.365634	5.650595
2.368263	5.663095
2.370898	5.693929
2.373540	5.607738
2.376187	5.662857
2.378841	5.712976
2.381500	5.682143
2.384166	5.693452
2.386838	5.724762
2.389516	5.673095
2.392200	5.709524
2.394890	5.691190
2.397587	5.720595
2.400290	5.785000
2.402999	5.816190
2.405714	5.823452
2.408436	5.871786
2.411164	5.800833
2.413899	5.790476
2.416639	5.826310
2.419387	5.752143
2.422140	5.749167
2.424900	5.814762
2.427667	5.771667
2.430440	5.802619
2.433219	5.725595
2.436006	5.751190
2.438798	5.693452
2.441597	5.645000
2.444403	5.702857
2.447216	5.952857
2.450035	5.999286
2.452861	6.026548
2.455693	6.006667
2.458532	6.044286
2.461378	6.009167
2.464231	5.893571
2.467090	5.767738
2.469957	5.946310
2.472830	6.011190
2.475710	6.001190
2.478597	5.868095
2.481491	5.961071
2.484392	5.865952
2.487299	5.785833
2.490214	5.754167
2.493136	5.778214
2.496065	5.812024
2.499001	5.889881
2.501944	5.868690
2.504894	5.854048
2.507851	5.707500
2.510816	5.711667
2.513787	5.712619
2.516766	5.798690
2.519752	5.761905
2.522745	5.779524
2.525746	5.861667
2.528754	6.014762
2.531769	5.965714
2.534792	5.864881
2.537822	5.792857
2.540860	5.835357
2.543905	5.786905
2.546958	5.712857
2.550018	5.867500
2.553085	5.794286
2.556160	5.818214
2.559243	5.749405
2.562334	5.756310
2.565432	5.811905
2.568537	5.834286
2.571651	5.803571
2.574772	5.792500
2.577901	5.875119
2.581038	5.946667
2.584182	6.028571
2.587335	6.039405
2.590495	5.999762
2.593664	5.999643
2.596840	5.898929
2.600024	6.076667
2.603216	6.198690
2.606416	6.322500
2.609625	6.437857
2.612841	6.511190
2.616066	6.539167
2.619298	6.722262
2.622539	6.761667
2.625789	6.845833
2.629046	6.882619
2.632312	6.892381
2.635586	7.045714
2.638868	7.084167
2.642159	7.238452
2.645458	7.290476
2.648765	7.315119
2.652081	7.298690
2.655406	7.376786
2.658739	7.433333
2.662081	7.450357
2.665431	7.741786
2.668790	7.700833
2.672157	7.678929
2.675534	7.709286
2.678919	7.666667
2.682313	7.790833
2.685715	7.736548
2.689127	7.813214
2.692547	7.896786
2.695976	7.982500
2.699415	8.147381
2.702862	8.137619
2.706318	7.984881
2.709783	8.044405
2.713258	7.941905
2.716741	7.924167
2.720234	7.865357
2.723736	7.883690
2.727247	7.851190
2.730767	7.815119
2.734297	7.879762
2.737836	7.781310
2.741384	7.964762
2.744942	8.056667
2.748509	8.073571
2.752086	8.190357
2.755672	8.155595
2.759268	8.206071
2.762873	8.200357
2.766488	8.284167
2.770113	8.292619
2.773748	8.236905
2.777392	8.254762
2.781046	8.433214
2.784710	8.458929
2.788383	8.580238
2.792067	8.593452
2.795761	8.645000
2.799464	8.706310
2.803178	8.864167
2.806902	8.871548
2.810636	8.832381
2.814380	8.909762
2.818134	8.733452
2.821898	8.758929
2.825673	8.731667
2.829458	8.669524
2.833254	8.731786
2.837059	8.757619
2.840876	8.783571
2.844703	8.791429
2.848540	8.614167
2.852388	8.571548
2.856247	8.673452
2.860116	8.535000
2.863996	8.475119
2.867886	8.448690
2.871788	8.370000
2.875700	8.283095
2.879624	8.199762
2.883558	8.019286
2.887503	8.128214
2.891459	8.172381
2.895427	7.957262
2.899405	7.843095
2.903395	7.685833
2.907396	7.672262
2.911408	7.675714
2.915431	7.510000
2.919466	7.431190
2.923512	7.367857
2.927570	7.246190
2.931639	7.146548
2.935720	7.240000
2.939812	7.090952
2.943916	7.066071
2.948032	7.032024
2.952160	6.984643
2.956299	6.852619
2.960450	6.800833
2.964613	6.740000
2.968788	6.677024
2.972975	6.611310
2.977174	6.465952
2.981385	6.501548
2.985609	6.511548
2.989844	6.482024
2.994092	6.409881
2.998352	6.280000
3.002625	6.221786
3.006910	6.178095
3.011207	6.137976
3.015517	6.075119
3.019840	6.140476
3.024175	5.968452
3.028523	5.902262
3.032884	5.844524
3.037257	5.940714
3.041644	5.840357
3.046043	5.820000
3.050455	5.833690
3.054881	5.754762
3.059319	5.768929
3.063771	5.708690
3.068236	5.702262
3.072714	5.626071
3.077205	5.601429
3.081710	5.570476
3.086229	5.520119
3.090760	5.432500
3.095306	5.559881
3.099865	5.581905
3.104438	5.418810
3.109024	5.327262
3.113625	5.288929
3.118239	5.236190
3.122867	5.170476
3.127509	5.257143
3.132166	5.290238
3.136836	5.309167
3.141521	5.316310
3.146220	5.278333
3.150933	5.290357
3.155660	5.312857
3.160403	5.304048
3.165159	5.347143
3.169930	5.337619
3.174716	5.265357
3.179517	5.308929
3.184332	5.291786
3.189163	5.336429
3.194008	5.294405
3.198868	5.232976
3.203744	5.157262
3.208634	5.137857
3.213540	5.244048
3.218461	5.343690
3.223397	5.526667
3.228349	5.563929
3.233316	5.500714
3.238299	5.469286
3.243298	5.476786
3.248312	5.442619
3.253342	5.344286
3.258388	5.256905
3.263450	5.153452
3.268528	5.101905
3.273622	5.143452
3.278732	5.211310
3.283858	5.318810
3.289001	5.297024
3.294160	5.339405
3.299336	5.345833
3.304528	5.369048
3.309737	5.501429
3.314962	5.517024
3.320205	5.365595
3.325464	5.328452
3.330740	5.210476
3.336034	5.068929
3.341344	4.970833
3.346672	4.961071
3.352017	4.957738
3.357379	4.835714
3.362759	4.767976
3.368156	4.819405
3.373571	4.839405
3.379004	4.877500
3.384454	4.914167
3.389923	4.905119
3.395409	4.724048
3.400914	4.723929
3.406437	4.558333
3.411977	4.623214
3.417537	4.649881
3.423114	4.691310
3.428711	4.722619
3.434326	4.808333
3.439959	4.702738
3.445612	4.673095
3.451283	4.730119
3.456973	4.650476
3.462683	4.582738
3.468411	4.567262
3.474159	4.718214
3.479926	4.816667
3.485713	4.879524
3.491519	4.883810
3.497346	4.870952
3.503191	4.911310
3.509057	4.878929
3.514943	4.873452
3.520848	4.941667
3.526774	4.997857
3.532721	4.923095
3.538687	4.929286
3.544674	4.934881
3.550682	5.079762
3.556710	5.153452
3.562760	5.307143
3.568830	5.327976
3.574921	5.369643
3.581033	5.409286
3.587167	5.547143
3.593322	5.596786
3.599498	5.558690
3.605696	5.745476
3.611916	5.725714
3.618158	5.664762
3.624421	5.734881
3.630707	5.804286
3.637015	5.938571
3.643344	5.950119
3.649697	5.984286
3.656072	6.033452
3.662469	5.990714
3.668890	5.889643
3.675333	5.858929
3.681799	5.741190
3.688288	5.686310
3.694801	5.551071
3.701337	5.577262
3.707896	5.436786
3.714479	5.438095
3.721086	5.371310
3.727717	5.385238
3.734371	5.457262
3.741050	5.349167
3.747753	5.305714
3.754481	5.365952
3.761233	5.205238
3.768010	5.134762
3.774811	5.010476
3.781638	5.097143
3.788489	5.012262
3.795366	5.080952
3.802268	5.035714
3.809196	5.191667
3.816149	5.255714
3.823128	5.248452
3.830133	5.306905
3.837164	5.314643
3.844221	5.334048
3.851305	5.426190
3.858415	5.441190
3.865552	5.521548
3.872716	5.537024
3.879906	5.537976
3.887124	5.563690
3.894369	5.511667
3.901641	5.614167
3.908941	5.772857
3.916269	5.773929
3.923625	5.807262
3.931008	5.791190
3.938420	5.835595
3.945860	5.815595
3.953329	5.893810
3.960827	5.727738
3.968353	5.745238
3.975908	5.688571
3.983493	5.637738
3.991107	5.734762
3.998750	5.649524
4.006423	5.635714
4.014127	5.691667
4.021860	5.635595
4.029623	5.743095
4.037417	5.627143
4.045241	5.651548
4.053096	5.585119
4.060983	5.478452
4.068900	5.415000
4.076848	5.404048
4.084829	5.401071
4.092840	5.376071
4.100884	5.378571
4.108960	5.350952
4.117068	5.235714
4.125208	5.373571
4.133381	5.221310
4.141587	5.304881
4.149826	5.388095
4.158099	5.192619
4.166404	5.278452
4.174744	5.312381
4.183117	5.283690
4.191524	5.269643
4.199966	5.104048
4.208442	5.207976
4.216953	5.198452
4.225498	5.334167
4.234079	5.455595
4.242695	5.402738
4.251347	5.439524
4.260035	5.575714
4.268758	5.636190
4.277518	5.710238
4.286314	5.694048
4.295147	5.817500
4.304017	5.776071
4.312923	5.873095
4.321868	5.821548
4.330850	5.763452
4.339869	5.835952
4.348927	5.805476
4.358023	5.816667
4.367158	5.766190
4.376331	5.715238
4.385544	5.732262
4.394796	5.642143
4.404087	5.709643
4.413419	5.656905
4.422790	5.527857
4.432202	5.648095
4.441654	5.520357
4.451147	5.481786
4.460681	5.452738
4.470257	5.434762
4.479874	5.442262
4.489533	5.566548
4.499235	5.553571
4.508979	5.415833
4.518765	5.476786
4.528595	5.570357
4.538468	5.586667
4.548385	5.639881
4.558345	5.618571
4.568350	5.617262
4.578399	5.666786
4.588494	5.635476
4.598633	5.732738
4.608817	5.634405
4.619047	5.670952
4.629324	5.754524
4.639646	5.723929
4.650015	5.799643
4.660431	5.786429
4.670895	5.789167
4.681406	5.703690
4.691965	5.710833
4.702572	5.446429
4.713227	5.481190
4.723932	5.572738
4.734686	5.586310
4.745489	5.489643
4.756342	5.507262
4.767246	5.594286
4.778200	5.535238
4.789205	5.694524
4.800262	5.665714
4.811370	5.645119
4.822530	5.503810
4.833743	5.549643
4.845008	5.606190
4.856327	5.527619
4.867699	5.452143
4.879125	5.464881
4.890605	5.390000
4.902140	5.320952
4.913730	5.400952
4.925376	5.379881
4.937077	5.452381
4.948835	5.287262
4.960649	5.353333
4.972521	5.236071
4.984450	5.186310
4.996437	5.284286
5.008482	5.036190
5.020586	4.962619
5.032749	4.842262
5.044972	4.863929
5.057255	4.935000
5.069599	5.085833
5.082003	5.110595
5.094469	5.093571
5.106997	5.110952
5.119587	5.065595
5.132240	4.938214
5.144956	5.062381
5.157736	5.200357
5.170580	5.206071
5.183489	5.271310
5.196463	5.304167
5.209503	5.457262
5.222609	5.455357
5.235782	5.544048
5.249022	5.602500
5.262329	5.614286
5.275705	5.772619
5.289150	5.838095
5.302664	5.861310
5.316248	5.909762
5.329902	5.921190
5.343627	5.845595
5.357424	5.789881
5.371293	5.806310
5.385234	5.868929
5.399249	6.047619
5.413337	6.146429
5.427500	6.025595
5.441737	6.094286
5.456051	6.020357
5.470440	5.956667
5.484906	6.022381
5.499449	5.991190
5.514071	5.955357
5.528771	5.902976
5.543550	5.899405
5.558409	5.836667
5.573349	5.879524
5.588370	5.925119
5.603473	5.831786
5.618658	5.912381
5.633926	5.940833
5.649279	6.069167
5.664716	6.007738
5.680238	5.900595
5.695846	5.823929
5.711541	5.743571
5.727323	5.805238
5.743194	5.988095
5.759153	5.803452
5.775203	5.881905
5.791342	5.872857
5.807573	5.765952
5.823895	5.775952
5.840311	5.853690
5.856820	5.864286
5.873423	5.781429
5.890121	5.732024
5.906916	5.693929
5.923807	5.727024
5.940795	5.754524
5.957883	5.638929
5.975069	5.500595
5.992356	5.396310
6.009744	5.402619
6.027234	5.302738
6.044826	4.730000
6.062523	5.005000
6.080324	6.132500
6.098230	6.285000
6.116244	4.225000
6.134365	5.700000
6.152594	3.222500
6.170933	5.055000
6.189382	4.052500
6.207943	2.185000
