%% INTEG 5.0 AVG 100.0 SMOOTH 10
1.000060	6.867500
1.000479	7.590000
1.000898	6.910000
1.001318	6.455000
1.001738	6.015000
1.002158	6.007500
1.002579	7.782500
1.003000	6.090000
1.003422	9.165000
1.003844	7.538452
1.004266	7.628095
1.004689	7.704762
1.005112	7.786310
1.005536	7.920000
1.005960	8.170952
1.006384	8.219286
1.006809	8.478810
1.007235	8.544643
1.007660	8.696310
1.008086	8.717857
1.008513	8.901786
1.008940	9.017976
1.009367	9.214048
1.009795	9.440119
1.010223	9.544643
1.010652	9.778214
1.011081	10.067738
1.011510	10.354286
1.011940	10.629762
1.012370	10.834643
1.012801	11.150714
1.013232	11.453452
1.013664	11.888095
1.014095	12.252738
1.014528	12.635952
1.014960	12.852619
1.015394	13.340833
1.015827	13.764881
1.016261	14.249048
1.016696	14.856786
1.017131	15.349881
1.017566	15.742143
1.018001	16.253333
1.018438	16.742619
1.018874	17.283095
1.019311	17.953452
1.019748	18.445119
1.020186	19.180238
1.020625	19.819286
1.021063	20.520000
1.021502	21.238214
1.021942	21.874167
1.022382	22.815476
1.022822	23.572976
1.023263	24.472619
1.023704	25.520476
1.024146	26.675000
1.024588	27.855952
1.025031	28.969167
1.025474	30.344762
1.025917	31.809762
1.026361	33.340714
1.026805	34.952024
1.027250	36.635952
1.027695	38.396310
1.028141	40.422619
1.028587	42.572143
1.029033	44.894405
1.029480	47.226190
1.029927	49.660238
1.030375	52.344762
1.030823	55.232976
1.031272	58.254524
1.031721	61.193095
1.032171	64.496310
1.032621	67.878929
1.033071	71.162738
1.033522	74.645357
1.033973	78.134524
1.034425	81.727738
1.034877	85.355119
1.035330	88.957143
1.035783	92.591786
1.036237	96.267143
1.036691	99.917619
1.037145	103.602976
1.037600	107.212857
1.038055	110.603690
1.038511	113.977262
1.038967	117.291310
1.039424	120.409405
1.039881	123.298214
1.040339	126.070000
1.040797	128.569167
1.041255	130.833690
1.041714	132.709286
1.042174	134.353333
1.042634	135.900119
1.043094	137.003095
1.043555	137.999405
1.044016	138.818095
1.044478	139.202738
1.044940	139.260000
1.045403	139.010714
1.045866	138.598333
1.046329	137.884643
1.046793	137.042381
1.047258	135.933929
1.047723	134.719405
1.048188	132.965238
1.048654	131.152143
1.049121	129.264881
1.049588	127.247024
1.050055	124.925119
1.050523	122.615476
1.050991	120.201429
1.051460	117.795000
1.051929	115.219286
1.052398	112.461786
1.052869	109.930119
1.053339	107.217857
1.053810	104.432500
1.054282	101.607619
1.054754	98.894286
1.055226	96.495238
1.055699	93.931190
1.056173	91.336548
1.056647	88.761905
1.057121	86.140000
1.057596	83.655119
1.058071	81.412262
1.058547	78.988810
1.059023	76.681905
1.059500	74.457857
1.059978	72.274286
1.060455	70.091429
1.060934	68.005595
1.061412	65.914881
1.061892	64.025833
1.062371	62.125119
1.062851	60.225357
1.063332	58.574643
1.063813	56.821071
1.064295	55.268333
1.064777	53.676190
1.065260	52.120119
1.065743	50.581786
1.066227	49.215238
1.066711	47.847262
1.067195	46.571786
1.067680	45.208810
1.068166	43.903571
1.068652	42.789643
1.069139	41.565476
1.069626	40.356310
1.070113	39.290714
1.070601	38.302381
1.071090	37.353452
1.071579	36.430476
1.072069	35.426190
1.072559	34.652262
1.073049	33.707024
1.073540	32.808690
1.074032	32.062857
1.074524	31.338333
1.075017	30.534762
1.075510	29.727500
1.076003	29.046548
1.076498	28.347143
1.076992	27.641071
1.077487	26.987381
1.077983	26.351548
1.078479	25.700833
1.078976	24.943214
1.079473	24.369048
1.079971	23.812500
1.080469	23.299405
1.080968	22.758929
1.081467	22.243690
1.081967	21.750238
1.082467	21.285833
1.082968	20.678452
1.083469	20.233690
1.083971	19.700595
1.084473	19.230833
1.084976	18.828810
1.085479	18.575000
1.085983	18.166667
1.086488	17.758095
1.086993	17.473810
1.087498	17.072857
1.088004	16.667976
1.088511	16.319405
1.089018	16.057143
1.089525	15.931905
1.090033	15.672024
1.090542	15.407500
1.091051	15.012976
1.091561	14.741190
1.092071	14.440119
1.092582	14.230952
1.093093	13.980595
1.093605	13.890476
1.094117	13.691548
1.094630	13.562024
1.095144	13.347976
1.095658	12.964524
1.096172	12.687857
1.096687	12.490000
1.097203	12.287262
1.097719	11.918095
1.098236	11.745238
1.098753	11.612500
1.099271	11.377143
1.099789	11.184762
1.100308	11.030119
1.100827	10.813214
1.101347	10.618214
1.101868	10.526548
1.102389	10.361786
1.102910	10.213333
1.103432	9.956429
1.103955	9.815238
1.104478	9.675238
1.105002	9.554881
1.105526	9.539524
1.106051	9.439167
1.106577	9.535119
1.107103	9.399167
1.107629	9.327857
1.108156	9.159524
1.108684	9.207976
1.109212	9.097381
1.109741	9.056667
1.110270	9.062619
1.110800	8.931667
1.111331	8.708571
1.111862	8.631548
1.112393	8.562381
1.112925	8.454048
1.113458	8.348810
1.113991	8.304405
1.114525	8.191548
1.115060	8.195833
1.115595	8.107619
1.116130	8.090595
1.116666	7.938690
1.117203	7.867857
1.117740	7.678452
1.118278	7.671429
1.118817	7.659286
1.119356	7.727619
1.119895	7.666071
1.120436	7.590833
1.120976	7.222619
1.121518	7.074167
1.122059	7.090476
1.122602	7.133333
1.123145	7.097500
1.123689	7.111429
1.124233	7.041190
1.124778	6.938214
1.125323	6.969167
1.125869	7.102381
1.126416	7.039643
1.126963	7.096786
1.127511	7.014881
1.128059	6.914762
1.128608	7.013571
1.129157	6.927500
1.129707	6.809405
1.130258	6.837024
1.130810	6.713929
1.131361	6.708571
1.131914	6.716786
1.132467	6.905357
1.133021	6.938095
1.133575	6.971190
1.134130	6.890952
1.134685	6.902619
1.135241	6.860595
1.135798	6.847143
1.136355	6.990476
1.136913	6.861667
1.137472	6.683095
1.138031	6.757619
1.138591	6.757024
1.139151	6.786310
1.139712	6.843333
1.140274	6.725476
1.140836	6.720476
1.141399	6.762738
1.141962	6.647619
1.142526	6.687857
1.143091	6.599524
1.143656	6.623690
1.144222	6.543690
1.144788	6.559881
1.145355	6.450595
1.145923	6.510714
1.146491	6.525714
1.147060	6.619881
1.147630	6.722143
1.148200	6.656429
1.148771	6.700833
1.149342	6.798929
1.149914	6.609286
1.150487	6.481548
1.151061	6.403929
1.151635	6.360952
1.152209	6.316310
1.152784	6.357619
1.153360	6.402024
1.153937	6.394643
1.154514	6.390000
1.155092	6.487500
1.155670	6.511429
1.156249	6.649762
1.156829	6.645357
1.157409	6.749524
1.157990	6.738690
1.158572	6.732143
1.159154	6.597262
1.159737	6.520000
1.160321	6.558095
1.160905	6.661310
1.161490	6.609643
1.162075	6.681429
1.162661	6.629881
1.163248	6.722381
1.163836	6.682262
1.164424	6.699881
1.165013	6.742262
1.165602	6.562619
1.166192	6.514167
1.166783	6.533571
1.167374	6.411190
1.167966	6.469286
1.168559	6.439881
1.169152	6.390476
1.169746	6.347262
1.170341	6.217976
1.170936	6.182381
1.171532	6.111429
1.172129	6.148452
1.172727	6.082262
1.173325	5.978810
1.173923	6.048333
1.174523	6.076548
1.175123	6.083571
1.175723	6.067976
1.176325	6.077143
1.176927	6.086429
1.177530	6.144762
1.178133	6.238810
1.178737	6.255119
1.179342	6.293452
1.179948	6.216310
1.180554	6.139643
1.181161	6.056905
1.181768	6.121071
1.182376	6.077262
1.182985	6.153333
1.183595	6.198571
1.184205	6.292976
1.184816	6.197262
1.185428	6.176786
1.186040	6.086310
1.186653	5.981310
1.187267	5.981429
1.187881	5.915714
1.188497	5.874167
1.189112	5.903333
1.189729	5.915595
1.190346	5.777738
1.190964	5.817262
1.191583	5.858690
1.192202	5.907500
1.192822	6.015119
1.193443	6.003929
1.194064	6.043571
1.194687	6.057857
1.195310	6.089286
1.195933	6.109881
1.196557	6.091190
1.197183	6.091548
1.197808	6.100238
1.198435	6.219286
1.199062	6.361310
1.199690	6.491548
1.200318	6.343929
1.200948	6.480000
1.201578	6.582857
1.202209	6.575000
1.202840	6.551905
1.203472	6.563095
1.204105	6.572738
1.204739	6.556429
1.205374	6.466548
1.206009	6.420238
1.206645	6.410357
1.207281	6.513333
1.207919	6.456071
1.208557	6.396905
1.209195	6.411548
1.209835	6.487738
1.210475	6.423571
1.211116	6.484405
1.211758	6.383333
1.212401	6.358095
1.213044	6.239286
1.213688	6.253571
1.214333	6.210952
1.214978	6.140119
1.215625	6.146548
1.216272	6.187738
1.216919	6.228690
1.217568	6.282024
1.218217	6.260595
1.218867	6.268214
1.219518	6.214167
1.220170	6.214524
1.220822	6.021786
1.221475	6.108095
1.222129	6.253810
1.222784	6.180238
1.223439	6.198810
1.224095	6.279881
1.224752	6.299524
1.225410	6.398929
1.226068	6.442143
1.226727	6.561429
1.227387	6.616667
1.228048	6.592381
1.228710	6.568571
1.229372	6.523333
1.230035	6.465952
1.230699	6.476667
1.231364	6.368929
1.232029	6.264881
1.232695	6.272500
1.233362	6.415476
1.234030	6.514762
1.234699	6.688810
1.235368	6.667738
1.236038	6.648452
1.236709	6.659286
1.237381	6.559524
1.238054	6.544881
1.238727	6.539762
1.239401	6.388095
1.240076	6.347262
1.240752	6.302024
1.241428	6.327619
1.242106	6.450714
1.242784	6.461071
1.243463	6.515476
1.244143	6.555000
1.244823	6.577024
1.245504	6.592857
1.246187	6.690476
1.246870	6.691786
1.247554	6.637619
1.248238	6.535595
1.248924	6.505000
1.249610	6.476548
1.250297	6.377976
1.250985	6.507857
1.251674	6.560833
1.252363	6.468095
1.253054	6.495119
1.253745	6.661548
1.254437	6.706905
1.255130	6.636429
1.255823	6.579167
1.256518	6.486429
1.257213	6.452738
1.257910	6.451429
1.258607	6.405476
1.259305	6.303452
1.260003	6.387024
1.260703	6.475238
1.261403	6.483929
1.262105	6.635000
1.262807	6.694762
1.263510	6.707500
1.264213	6.627738
1.264918	6.670714
1.265624	6.568333
1.266330	6.528690
1.267037	6.588452
1.267745	6.475357
1.268454	6.391310
1.269164	6.245238
1.269875	6.318690
1.270586	6.388095
1.271299	6.390595
1.272012	6.374167
1.272726	6.462619
1.273441	6.570714
1.274157	6.601786
1.274874	6.462024
1.275591	6.372143
1.276310	6.360595
1.277029	6.269048
1.277749	6.358929
1.278470	6.268452
1.279193	6.345357
1.279915	6.230357
1.280639	6.192976
1.281364	6.185000
1.282089	6.232857
1.282816	6.285595
1.283543	6.337381
1.284271	6.385833
1.285001	6.287619
1.285731	6.330357
1.286461	6.233810
1.287193	6.256429
1.287926	6.191667
1.288660	6.112619
1.289394	6.130357
1.290130	6.209881
1.290866	6.159286
1.291603	6.127024
1.292341	6.126667
1.293080	5.989881
1.293820	5.996071
1.294561	6.016071
1.295303	6.185595
1.296046	6.188095
1.296790	6.156905
1.297534	6.124048
1.298280	6.171548
1.299026	6.106548
1.299773	6.151667
1.300522	6.247976
1.301271	6.215238
1.302021	6.224762
1.302772	6.242381
1.303524	6.197381
1.304277	6.261071
1.305031	6.259286
1.305786	6.255476
1.306542	6.290595
1.307298	6.338333
1.308056	6.400357
1.308815	6.446667
1.309574	6.467381
1.310335	6.349286
1.311096	6.235714
1.311859	6.382500
1.312622	6.447500
1.313387	6.528690
1.314152	6.533571
1.314918	6.532024
1.315685	6.488929
1.316454	6.490238
1.317223	6.510000
1.317993	6.605238
1.318764	6.525238
1.319536	6.497738
1.320309	6.372381
1.321083	6.418571
1.321858	6.482262
1.322634	6.568095
1.323411	6.604881
1.324189	6.483929
1.324968	6.449762
1.325748	6.464286
1.326529	6.592500
1.327311	6.582024
1.328094	6.439048
1.328878	6.382500
1.329663	6.321071
1.330449	6.415238
1.331236	6.467619
1.332024	6.488333
1.332813	6.459881
1.333603	6.439762
1.334394	6.382976
1.335186	6.552143
1.335978	6.542143
1.336772	6.577500
1.337567	6.648095
1.338363	6.665952
1.339160	6.648810
1.339959	6.559286
1.340758	6.571905
1.341558	6.694643
1.342359	6.655000
1.343161	6.527262
1.343964	6.559762
1.344768	6.726667
1.345574	6.736310
1.346380	6.688690
1.347187	6.536548
1.347996	6.520357
1.348805	6.585238
1.349616	6.595000
1.350427	6.591786
1.351240	6.681190
1.352053	6.661190
1.352868	6.730476
1.353684	6.752381
1.354501	6.720357
1.355318	6.607143
1.356137	6.650238
1.356957	6.788810
1.357778	6.810000
1.358600	6.713095
1.359424	6.657143
1.360248	6.835000
1.361073	6.868810
1.361900	6.769167
1.362727	6.766667
1.363556	6.822500
1.364385	6.947262
1.365216	6.960238
1.366048	6.903810
1.366881	7.035238
1.367715	7.094643
1.368550	7.061071
1.369386	7.077381
1.370223	7.164167
1.371061	7.228571
1.371901	7.253333
1.372742	7.391310
1.373583	7.321667
1.374426	7.274286
1.375270	7.324762
1.376115	7.304286
1.376961	7.490238
1.377808	7.387381
1.378657	7.429286
1.379506	7.423095
1.380357	7.535714
1.381208	7.506667
1.382061	7.415238
1.382915	7.365357
1.383770	7.414048
1.384627	7.327024
1.385484	7.319762
1.386342	7.329762
1.387202	7.174881
1.388063	7.030952
1.388925	6.999881
1.389788	6.892381
1.390652	6.848571
1.391518	6.880714
1.392384	6.903571
1.393252	6.994524
1.394121	7.060119
1.394991	6.984286
1.395862	7.009048
1.396734	6.953929
1.397608	6.986667
1.398482	6.932381
1.399358	6.994881
1.400235	7.040238
1.401113	7.108333
1.401993	7.131786
1.402873	7.043810
1.403755	7.049286
1.404638	7.110714
1.405522	7.369048
1.406408	7.545357
1.407294	7.542143
1.408182	7.575714
1.409071	7.463095
1.409961	7.525476
1.410852	7.460357
1.411745	7.431905
1.412638	7.278571
1.413533	7.316786
1.414429	7.304762
1.415327	7.376429
1.416225	7.462381
1.417125	7.438810
1.418026	7.423571
1.418928	7.433452
1.419832	7.495238
1.420736	7.574762
1.421642	7.555238
1.422549	7.553095
1.423458	7.586667
1.424368	7.492024
1.425278	7.441190
1.426190	7.424524
1.427104	7.476310
1.428018	7.529524
1.428934	7.455119
1.429851	7.545833
1.430770	7.479762
1.431689	7.640595
1.432610	7.691071
1.433533	7.770357
1.434456	7.757500
1.435381	7.685119
1.436307	7.781429
1.437234	7.799405
1.438162	7.758929
1.439092	7.517619
1.440023	7.442976
1.440956	7.530833
1.441889	7.497024
1.442824	7.536310
1.443761	7.432024
1.444698	7.352262
1.445637	7.445833
1.446577	7.404643
1.447518	7.551905
1.448461	7.605595
1.449405	7.551071
1.450351	7.610357
1.451297	7.554881
1.452245	7.434286
1.453195	7.404286
1.454145	7.474405
1.455097	7.476310
1.456051	7.391786
1.457005	7.399286
1.457961	7.529524
1.458918	7.805000
1.459877	7.791429
1.460837	7.837976
1.461798	7.871548
1.462761	7.774762
1.463725	7.888571
1.464690	7.892381
1.465657	7.846786
1.466625	7.829167
1.467595	7.816548
1.468566	7.828095
1.469538	7.842857
1.470511	7.790714
1.471486	7.782619
1.472462	7.737500
1.473440	7.740119
1.474419	7.620833
1.475400	7.410238
1.476381	7.403690
1.477365	7.372262
1.478349	7.286786
1.479335	7.128571
1.480323	7.134762
1.481312	6.989167
1.482302	7.026429
1.483293	6.908333
1.484286	6.850595
1.485281	6.810119
1.486277	6.848690
1.487274	6.872976
1.488273	6.753929
1.489273	6.703690
1.490274	6.568095
1.491277	6.624762
1.492282	6.650238
1.493288	6.652619
1.494295	6.657857
1.495304	6.663571
1.496314	6.877381
1.497325	6.849405
1.498339	6.927500
1.499353	6.842500
1.500369	6.966548
1.501387	6.964286
1.502406	7.198810
1.503426	7.085000
1.504448	7.143810
1.505471	7.145000
1.506496	7.214643
1.507522	7.123333
1.508550	7.130476
1.509579	7.154762
1.510610	7.081071
1.511642	7.242738
1.512676	7.265833
1.513711	7.310952
1.514748	7.327381
1.515787	7.167738
1.516826	7.127857
1.517868	7.075476
1.518910	7.129881
1.519955	7.042619
1.521001	6.982857
1.522048	6.934405
1.523097	6.957500
1.524147	6.818929
1.525199	6.873571
1.526253	6.906905
1.527308	6.836548
1.528364	6.868571
1.529423	6.922143
1.530482	6.887262
1.531544	6.879762
1.532606	6.987024
1.533671	6.846548
1.534737	6.731667
1.535804	6.581786
1.536873	6.513571
1.537944	6.687024
1.539016	6.736190
1.540090	6.786667
1.541166	6.661786
1.542243	6.644643
1.543321	6.719286
1.544401	6.655357
1.545483	6.635952
1.546567	6.664524
1.547652	6.667024
1.548738	6.681071
1.549827	6.800119
1.550916	6.711667
1.552008	6.715833
1.553101	6.598452
1.554196	6.539881
1.555292	6.427976
1.556390	6.432976
1.557490	6.424286
1.558591	6.511310
1.559694	6.625714
1.560799	6.597738
1.561905	6.489167
1.563013	6.389405
1.564122	6.432262
1.565234	6.369762
1.566347	6.331548
1.567461	6.409643
1.568577	6.360833
1.569695	6.335000
1.570815	6.279405
1.571936	6.222381
1.573059	6.126429
1.574184	6.087262
1.575310	6.009167
1.576438	6.109643
1.577568	6.200238
1.578700	6.195357
1.579833	6.140952
1.580968	6.147738
1.582105	6.075238
1.583243	5.963214
1.584383	5.985476
1.585525	6.097619
1.586669	6.170238
1.587814	6.226429
1.588961	6.256786
1.590110	6.312262
1.591260	6.224881
1.592413	6.234048
1.593567	6.252500
1.594723	6.213333
1.595880	6.356310
1.597040	6.332143
1.598201	6.396190
1.599364	6.335714
1.600529	6.343095
1.601695	6.240952
1.602864	6.302738
1.604034	6.490357
1.605206	6.413929
1.606380	6.346071
1.607555	6.546190
1.608733	6.571548
1.609912	6.590952
1.611093	6.553810
1.612276	6.523810
1.613460	6.644762
1.614647	6.734048
1.615835	6.623810
1.617025	6.526667
1.618218	6.530357
1.619411	6.589881
1.620607	6.472738
1.621805	6.438452
1.623004	6.402143
1.624206	6.493929
1.625409	6.568810
1.626614	6.617857
1.627821	6.464643
1.629030	6.370476
1.630241	6.485000
1.631453	6.545357
1.632668	6.391310
1.633884	6.280833
1.635103	6.289048
1.636323	6.388095
1.637545	6.392262
1.638769	6.354405
1.639996	6.224286
1.641224	6.179167
1.642453	6.151071
1.643685	6.135238
1.644919	6.064881
1.646155	6.049167
1.647393	6.123810
1.648632	6.076190
1.649874	6.110952
1.651118	6.091071
1.652363	6.008690
1.653611	6.257857
1.654860	6.328810
1.656112	6.448929
1.657365	6.576429
1.658621	6.642500
1.659878	6.678214
1.661138	6.637857
1.662399	6.568571
1.663663	6.580476
1.664929	6.455119
1.666196	6.551190
1.667466	6.727143
1.668737	6.869762
1.670011	6.803214
1.671287	6.901429
1.672565	6.876548
1.673845	6.993810
1.675126	7.056667
1.676410	6.900000
1.677696	6.902024
1.678985	7.066429
1.680275	7.009286
1.681567	6.983214
1.682861	6.885595
1.684158	6.742500
1.685456	6.704643
1.686757	6.648452
1.688060	6.663333
1.689365	6.571071
1.690672	6.571190
1.691981	6.630595
1.693292	6.646071
1.694605	6.603095
1.695921	6.490833
1.697239	6.563095
1.698558	6.624762
1.699880	6.702024
1.701205	6.606190
1.702531	6.645833
1.703859	6.769643
1.705190	6.783214
1.706523	6.585833
1.707858	6.518214
1.709195	6.358690
1.710534	6.312143
1.711876	6.351786
1.713220	6.437976
1.714566	6.543214
1.715914	6.537857
1.717264	6.692619
1.718617	6.749286
1.719972	6.724643
1.721329	6.799524
1.722689	6.866786
1.724050	6.885833
1.725414	6.921786
1.726780	6.906667
1.728149	6.799643
1.729520	6.769762
1.730893	6.765952
1.732268	6.758452
1.733645	6.766310
1.735025	6.897857
1.736408	6.908333
1.737792	7.009048
1.739179	6.927976
1.740568	6.893214
1.741959	6.810833
1.743353	6.805714
1.744749	6.824167
1.746148	6.807857
1.747549	6.784643
1.748952	6.978095
1.750357	6.794762
1.751765	6.774405
1.753175	6.902619
1.754588	6.898214
1.756003	6.887500
1.757420	7.096310
1.758840	7.155476
1.760262	7.205238
1.761687	7.221548
1.763114	7.155357
1.764543	7.178571
1.765975	7.116786
1.767410	7.151667
1.768846	7.291310
1.770286	7.405119
1.771727	7.489286
1.773171	7.467976
1.774618	7.447381
1.776067	7.397976
1.777518	7.432143
1.778972	7.317857
1.780429	7.427857
1.781888	7.418333
1.783349	7.319405
1.784813	7.319286
1.786280	7.287381
1.787749	7.143571
1.789220	7.134048
1.790694	7.075595
1.792171	7.111548
1.793650	7.250833
1.795132	7.166071
1.796616	7.272500
1.798103	7.192857
1.799592	7.144524
1.801084	7.204405
1.802579	7.164643
1.804076	7.198810
1.805576	7.125000
1.807078	7.034762
1.808583	6.990714
1.810090	6.970595
1.811601	6.938095
1.813114	7.029167
1.814629	7.067738
1.816147	7.057381
1.817668	7.122024
1.819191	7.192738
1.820717	7.293690
1.822246	7.305595
1.823778	7.250595
1.825312	7.142738
1.826849	7.160595
1.828388	7.220714
1.829930	7.324524
1.831475	7.368810
1.833023	7.295833
1.834574	7.333452
1.836127	7.392143
1.837683	7.589167
1.839241	7.755238
1.840803	7.801786
1.842367	7.876548
1.843934	7.963095
1.845504	7.971071
1.847076	8.012738
1.848651	7.947738
1.850230	7.824881
1.851810	7.760952
1.853394	7.697381
1.854981	7.807500
1.856570	7.905595
1.858162	8.001548
1.859758	8.140952
1.861356	8.072619
1.862956	8.250238
1.864560	8.179643
1.866167	8.154881
1.867776	8.095476
1.869388	8.129643
1.871004	8.167262
1.872622	8.092976
1.874243	8.074524
1.875867	8.062024
1.877494	8.080000
1.879124	7.984524
1.880756	8.034048
1.882392	8.097500
1.884031	8.186667
1.885673	8.398452
1.887317	8.525238
1.888965	8.523452
1.890616	8.485952
1.892269	8.475714
1.893926	8.482500
1.895586	8.549405
1.897249	8.355119
1.898914	8.513333
1.900583	8.569643
1.902255	8.733690
1.903930	8.752857
1.905608	8.704762
1.907289	8.767143
1.908973	8.911190
1.910661	8.998452
1.912351	9.056786
1.914045	9.216310
1.915741	9.290357
1.917441	9.398333
1.919144	9.647738
1.920850	9.636071
1.922559	9.757143
1.924271	9.798571
1.925987	10.078214
1.927706	10.327738
1.929428	10.548095
1.931153	10.938571
1.932881	11.265119
1.934613	11.609286
1.936347	12.061786
1.938085	12.536667
1.939826	13.017262
1.941571	13.596786
1.943319	14.149167
1.945070	14.807143
1.946824	15.422976
1.948582	16.221786
1.950343	17.254524
1.952107	18.201548
1.953874	19.318571
1.955645	20.524643
1.957419	21.982143
1.959197	23.447738
1.960978	25.233929
1.962762	26.916548
1.964550	28.873810
1.966341	31.148690
1.968135	33.492738
1.969933	36.107262
1.971734	39.101905
1.973539	42.487262
1.975347	46.093452
1.977158	50.195833
1.978973	54.811310
1.980792	60.126905
1.982614	65.825119
1.984439	72.255476
1.986268	79.530119
1.988100	87.605238
1.989936	96.771190
1.991775	107.080238
1.993618	118.696786
1.995465	131.673810
1.997315	146.297738
1.999168	162.945119
2.001025	181.612024
2.002886	202.620357
2.004751	225.958095
2.006618	251.973333
2.008490	281.223095
2.010365	313.798333
2.012244	349.823690
2.014126	390.716310
2.016012	436.074405
2.017902	487.430833
2.019796	545.386429
2.021693	611.625476
2.023594	687.021429
2.025498	773.280833
2.027406	871.482143
2.029318	984.234167
2.031234	1114.290357
2.033153	1263.062976
2.035077	1433.447500
2.037004	1626.716548
2.038934	1843.874405
2.040869	2084.925000
2.042807	2350.062262
2.044749	2640.257857
2.046696	2955.255833
2.048645	3292.952857
2.050599	3652.277738
2.052557	4031.262500
2.054518	4426.843095
2.056483	4836.557976
2.058453	5258.090357
2.060426	5688.043214
2.062403	6122.357143
2.064384	6558.769524
2.066369	6993.080000
2.068358	7420.429286
2.070350	7836.830000
2.072347	8235.790238
2.074348	8615.471548
2.076353	8968.778810
2.078362	9292.662976
2.080375	9582.837143
2.082392	9836.810833
2.084412	10051.031429
2.086438	10224.651071
2.088467	10352.302857
2.090500	10435.069524
2.092537	10472.345000
2.094578	10464.677143
2.096624	10412.756548
2.098674	10318.130714
2.100727	10184.262976
2.102785	10012.174524
2.104847	9805.773810
2.106914	9567.701429
2.108984	9299.626786
2.111059	9007.313452
2.113138	8693.918095
2.115221	8363.417976
2.117308	8017.335357
2.119400	7660.591905
2.121496	7295.956786
2.123596	6927.688929
2.125701	6557.957262
2.127810	6191.584405
2.129923	5829.236667
2.132041	5475.949643
2.134162	5133.334524
2.136289	4803.908095
2.138419	4488.745000
2.140554	4189.315000
2.142694	3907.699524
2.144838	3641.452143
2.146986	3392.496905
2.149139	3159.931310
2.151296	2942.755476
2.153458	2741.207976
2.155624	2554.094167
2.157795	2379.398810
2.159970	2217.361310
2.162150	2067.078333
2.164334	1927.132262
2.166523	1797.297262
2.168716	1676.021548
2.170914	1563.897619
2.173117	1459.088452
2.175324	1361.107857
2.177536	1270.275595
2.179753	1185.595952
2.181974	1106.035833
2.184200	1031.992738
2.186430	962.925119
2.188665	898.323452
2.190905	837.712024
2.193150	781.321548
2.195400	728.263452
2.197654	678.423929
2.199913	632.067024
2.202177	588.607738
2.204445	548.321429
2.206719	510.454643
2.208997	474.757143
2.211280	442.047738
2.213568	410.971786
2.215861	382.076548
2.218159	355.191786
2.220462	330.226429
2.222769	306.716190
2.225082	284.833571
2.227400	264.642143
2.229722	245.614881
2.232050	227.925476
2.234382	211.623929
2.236720	196.333452
2.239063	182.291310
2.241410	169.188095
2.243763	157.130714
2.246121	145.934762
2.248484	135.585595
2.250852	125.975119
2.253225	117.086548
2.255604	108.919524
2.257987	101.226190
2.260376	94.009762
2.262770	87.678571
2.265170	81.533929
2.267574	75.874524
2.269984	70.586310
2.272399	65.791429
2.274819	61.344643
2.277245	57.092619
2.279676	53.328810
2.282112	49.788452
2.284554	46.541667
2.287001	43.565238
2.289454	40.833810
2.291912	38.119762
2.294375	35.625833
2.296844	33.322500
2.299318	31.232262
2.301798	29.241548
2.304283	27.529881
2.306774	25.782738
2.309271	24.346667
2.311773	22.960476
2.314280	21.522857
2.316793	20.370952
2.319312	19.335952
2.321837	18.403095
2.324367	17.474524
2.326902	16.706071
2.329444	16.097143
2.331991	15.370357
2.334544	14.659881
2.337103	14.061786
2.339667	13.542738
2.342237	12.962738
2.344813	12.504524
2.347395	12.097024
2.349983	11.823690
2.352577	11.491429
2.355176	11.298452
2.357782	10.859048
2.360393	10.589881
2.363010	10.404286
2.365634	10.107738
2.368263	9.885952
2.370898	9.721548
2.373540	9.512976
2.376187	9.376429
2.378841	9.364167
2.381500	9.095119
2.384166	8.875476
2.386838	8.840357
2.389516	8.732738
2.392200	8.665595
2.394890	8.626310
2.397587	8.593095
2.400290	8.601429
2.402999	8.627143
2.405714	8.498452
2.408436	8.495119
2.411164	8.361190
2.413899	8.440952
2.416639	8.456905
2.419387	8.438333
2.422140	8.567738
2.424900	8.739762
2.427667	8.780833
2.430440	8.826548
2.433219	8.810595
2.436006	8.757738
2.438798	8.737381
2.441597	8.693333
2.444403	8.692500
2.447216	8.890357
2.450035	8.886548
2.452861	8.868690
2.455693	8.921429
2.458532	8.915714
2.461378	8.854286
2.464231	8.846548
2.467090	8.813095
2.469957	8.880000
2.472830	8.805595
2.475710	8.868214
2.478597	8.759881
2.481491	8.777738
2.484392	8.569405
2.487299	8.579643
2.490214	8.516310
2.493136	8.461190
2.496065	8.362500
2.499001	8.450000
2.501944	8.451071
2.504894	8.396667
2.507851	8.240119
2.510816	8.180833
2.513787	8.207143
2.516766	8.224286
2.519752	8.076429
2.522745	7.952024
2.525746	7.975833
2.528754	8.063333
2.531769	8.090595
2.534792	8.090357
2.537822	7.940595
2.540860	7.881548
2.543905	7.828929
2.546958	7.829048
2.550018	7.814762
2.553085	7.801667
2.556160	7.603452
2.559243	7.615595
2.562334	7.575833
2.565432	7.648810
2.568537	7.635119
2.571651	7.698095
2.574772	7.823571
2.577901	7.772619
2.581038	7.907619
2.584182	7.994167
2.587335	8.030833
2.590495	8.070476
2.593664	8.007738
2.596840	7.922976
2.600024	8.021786
2.603216	8.142857
2.606416	8.202262
2.609625	8.148571
2.612841	8.171786
2.616066	8.129762
2.619298	8.200357
2.622539	8.355238
2.625789	8.361905
2.629046	8.381310
2.632312	8.283571
2.635586	8.337262
2.638868	8.253571
2.642159	8.232738
2.645458	8.207976
2.648765	7.995357
2.652081	7.902262
2.655406	7.891786
2.658739	7.847500
2.662081	7.895595
2.665431	7.998333
2.668790	7.829762
2.672157	7.836310
2.675534	7.759167
2.678919	7.818929
2.682313	7.871429
2.685715	7.824405
2.689127	7.767619
2.692547	7.773571
2.695976	7.896905
2.699415	7.918333
2.702862	7.968690
2.706318	7.850000
2.709783	7.936667
2.713258	7.870000
2.716741	7.890000
2.720234	7.839881
2.723736	7.983810
2.727247	8.036310
2.730767	8.001190
2.734297	8.029643
2.737836	7.966667
2.741384	8.165357
2.744942	8.315714
2.748509	8.365357
2.752086	8.353929
2.755672	8.445000
2.759268	8.545000
2.762873	8.557857
2.766488	8.639643
2.770113	8.578810
2.773748	8.563690
2.777392	8.562738
2.781046	8.768810
2.784710	8.765357
2.788383	8.809167
2.792067	8.823452
2.795761	8.896071
2.799464	8.950833
2.803178	8.990833
2.806902	9.053929
2.810636	8.936905
2.814380	9.042024
2.818134	8.973810
2.821898	8.885714
2.825673	8.942381
2.829458	9.025952
2.833254	9.076786
2.837059	9.123333
2.840876	9.213929
2.844703	9.179524
2.848540	9.140000
2.852388	9.189643
2.856247	9.254286
2.860116	9.138452
2.863996	9.167500
2.867886	9.203690
2.871788	9.349762
2.875700	9.385595
2.879624	9.290476
2.883558	9.292262
2.887503	9.400238
2.891459	9.495119
2.895427	9.502857
2.899405	9.510119
2.903395	9.454286
2.907396	9.473571
2.911408	9.563095
2.915431	9.482381
2.919466	9.582857
2.923512	9.695000
2.927570	9.782381
2.931639	9.845595
2.935720	10.023333
2.939812	10.025595
2.943916	10.088929
2.948032	10.045714
2.952160	10.079048
2.956299	9.876548
2.960450	9.905833
2.964613	10.030595
2.968788	10.033810
2.972975	10.066310
2.977174	10.083810
2.981385	10.105952
2.985609	10.223571
2.989844	10.288571
2.994092	10.388929
2.998352	10.303333
3.002625	10.385833
3.006910	10.396310
3.011207	10.340952
3.015517	10.454167
3.019840	10.477976
3.024175	10.296429
3.028523	10.297738
3.032884	10.285833
3.037257	10.460595
3.041644	10.561071
3.046043	10.675000
3.050455	10.765238
3.054881	10.691310
3.059319	10.856905
3.063771	10.846548
3.068236	10.862619
3.072714	10.843929
3.077205	10.791310
3.081710	10.704881
3.086229	10.687262
3.090760	10.695833
3.095306	10.776310
3.099865	10.799643
3.104438	10.721905
3.109024	10.512738
3.113625	10.456667
3.118239	10.459643
3.122867	10.376548
3.127509	10.434405
3.132166	10.602619
3.136836	10.494643
3.141521	10.424524
3.146220	10.344167
3.150933	10.309524
3.155660	10.278690
3.160403	10.235595
3.165159	10.260000
3.169930	10.198333
3.174716	10.125833
3.179517	10.156310
3.184332	10.069524
3.189163	9.995238
3.194008	9.847381
3.198868	9.736548
3.203744	9.656310
3.208634	9.555357
3.213540	9.450714
3.218461	9.482857
3.223397	9.538452
3.228349	9.485833
3.233316	9.214286
3.238299	9.125952
3.243298	9.083333
3.248312	8.984167
3.253342	8.912381
3.258388	8.706786
3.263450	8.546071
3.268528	8.409167
3.273622	8.261548
3.278732	8.235714
3.283858	8.389286
3.289001	8.375357
3.294160	8.314762
3.299336	8.229167
3.304528	8.210000
3.309737	8.194762
3.314962	8.155833
3.320205	8.031667
3.325464	8.031071
3.330740	7.910476
3.336034	7.802976
3.341344	7.679405
3.346672	7.608095
3.352017	7.511667
3.357379	7.420000
3.362759	7.395000
3.368156	7.410952
3.373571	7.365952
3.379004	7.388929
3.384454	7.461905
3.389923	7.400595
3.395409	7.080000
3.400914	7.036310
3.406437	6.976667
3.411977	7.039524
3.417537	6.919881
3.423114	6.970595
3.428711	7.035238
3.434326	7.133571
3.439959	7.008214
3.445612	6.899524
3.451283	6.836310
3.456973	6.821071
3.462683	6.798929
3.468411	6.668214
3.474159	6.667857
3.479926	6.515476
3.485713	6.551786
3.491519	6.594762
3.497346	6.516190
3.503191	6.484881
3.509057	6.526190
3.514943	6.535714
3.520848	6.472381
3.526774	6.387381
3.532721	6.305595
3.538687	6.337381
3.544674	6.244881
3.550682	6.250357
3.556710	6.235952
3.562760	6.263095
3.568830	6.350238
3.574921	6.388571
3.581033	6.320476
3.587167	6.373929
3.593322	6.594048
3.599498	6.611071
3.605696	6.839286
3.611916	6.855119
3.618158	6.876429
3.624421	6.951905
3.630707	7.044881
3.637015	7.165595
3.643344	7.185952
3.649697	7.192500
3.656072	7.224524
3.662469	7.177143
3.668890	7.101310
3.675333	7.117143
3.681799	7.103571
3.688288	7.137619
3.694801	7.069048
3.701337	7.165833
3.707896	7.163929
3.714479	7.148810
3.721086	7.102500
3.727717	7.035119
3.734371	7.098333
3.741050	7.012262
3.747753	6.959524
3.754481	6.956667
3.761233	6.945238
3.768010	6.848571
3.774811	6.619167
3.781638	6.728571
3.788489	6.810238
3.795366	6.857857
3.802268	6.853929
3.809196	7.036190
3.816149	7.065357
3.823128	7.103214
3.830133	7.245000
3.837164	7.305476
3.844221	7.211310
3.851305	7.250476
3.858415	7.338333
3.865552	7.309167
3.872716	7.372024
3.879906	7.403214
3.887124	7.430357
3.894369	7.399762
3.901641	7.501667
3.908941	7.492500
3.916269	7.529167
3.923625	7.608333
3.931008	7.575595
3.938420	7.447500
3.945860	7.589524
3.953329	7.734048
3.960827	7.542024
3.968353	7.564762
3.975908	7.518810
3.983493	7.326190
3.991107	7.359524
3.998750	7.293214
4.006423	7.377024
4.014127	7.383095
4.021860	7.414405
4.029623	7.474524
4.037417	7.348333
4.045241	7.352024
4.053096	7.225595
4.060983	7.137976
4.068900	7.110238
4.076848	7.154524
4.084829	7.053690
4.092840	7.100238
4.100884	7.216071
4.108960	7.106905
4.117068	6.977143
4.125208	7.140000
4.133381	7.130357
4.141587	7.105952
4.149826	7.285476
4.158099	7.262381
4.166404	7.383095
4.174744	7.315238
4.183117	7.294524
4.191524	7.313571
4.199966	7.200833
4.208442	7.345595
4.216953	7.272381
4.225498	7.460714
4.234079	7.500595
4.242695	7.502619
4.251347	7.497024
4.260035	7.706905
4.268758	7.783214
4.277518	7.765357
4.286314	7.787381
4.295147	7.820714
4.304017	7.719405
4.312923	7.731310
4.321868	7.824524
4.330850	7.669405
4.339869	7.731548
4.348927	7.739405
4.358023	7.636786
4.367158	7.632262
4.376331	7.592024
4.385544	7.624881
4.394796	7.458690
4.404087	7.536071
4.413419	7.498929
4.422790	7.444762
4.432202	7.444524
4.441654	7.322262
4.451147	7.261905
4.460681	7.127024
4.470257	7.127738
4.479874	7.159167
4.489533	7.239643
4.499235	7.270238
4.508979	7.128333
4.518765	7.088214
4.528595	7.153333
4.538468	7.060595
4.548385	7.059524
4.558345	7.138810
4.568350	7.090714
4.578399	7.134643
4.588494	6.987024
4.598633	7.158929
4.608817	7.165000
4.619047	7.152381
4.629324	7.115714
4.639646	7.214643
4.650015	7.328690
4.660431	7.291071
4.670895	7.295833
4.681406	7.236786
4.691965	7.187857
4.702572	7.037738
4.713227	7.004762
4.723932	7.084405
4.734686	7.063095
4.745489	7.055595
4.756342	7.072262
4.767246	7.093571
4.778200	7.151667
4.789205	7.260833
4.800262	7.190595
4.811370	7.282143
4.822530	7.181310
4.833743	7.178214
4.845008	7.119643
4.856327	7.193810
4.867699	7.077857
4.879125	7.062024
4.890605	7.093810
4.902140	7.073571
4.913730	7.122619
4.925376	7.056310
4.937077	7.238929
4.948835	7.164881
4.960649	7.122381
4.972521	7.179643
4.984450	7.089286
4.996437	7.110476
5.008482	7.033095
5.020586	6.870714
5.032749	6.858214
5.044972	6.974405
5.057255	7.070952
5.069599	7.069167
5.082003	6.965238
5.094469	7.022262
5.106997	7.002976
5.119587	7.027738
5.132240	6.894286
5.144956	6.897381
5.157736	6.938214
5.170580	7.052857
5.183489	7.090357
5.196463	6.971548
5.209503	7.035476
5.222609	7.137976
5.235782	7.119524
5.249022	7.242262
5.262329	7.282143
5.275705	7.379524
5.289150	7.498810
5.302664	7.608333
5.316248	7.677381
5.329902	7.625000
5.343627	7.586667
5.357424	7.752500
5.371293	7.846786
5.385234	7.831429
5.399249	7.961667
5.413337	8.107262
5.427500	8.070357
5.441737	8.220357
5.456051	8.044762
5.470440	8.113690
5.484906	8.161310
5.499449	8.248214
5.514071	8.199881
5.528771	8.161905
5.543550	8.150000
5.558409	8.139167
5.573349	8.197976
5.588370	8.234286
5.603473	8.136905
5.618658	8.233214
5.633926	8.310952
5.649279	8.455238
5.664716	8.368452
5.680238	8.320714
5.695846	8.328333
5.711541	8.214881
5.727323	8.236310
5.743194	8.401310
5.759153	8.260833
5.775203	8.316071
5.791342	8.280714
5.807573	8.251905
5.823895	8.171667
5.840311	8.187143
5.856820	8.192500
5.873423	8.120833
5.890121	8.064881
5.906916	8.062143
5.923807	8.114405
5.940795	8.086310
5.957883	8.054643
5.975069	7.900714
5.992356	7.868452
6.009744	7.913929
6.027234	7.820595
6.044826	6.335000
6.062523	7.147500
6.080324	9.755000
6.098230	9.515000
6.116244	7.377500
6.134365	11.007500
6.152594	5.527500
6.170933	8.400000
6.189382	8.255000
6.207943	5.860000
